431 218 367 1097237974
166 363 28 1097253088
451 10 802 1097257876
347 129 52 1097259409
48 49 51 1097307906
13 802 20 1097313393
304 512 517 1097320775
254 76 49 1097321753
460 445 217 1097325610
426 736 469 1097338702
87 281 15 1097342159
87 281 15 1097342189
63 108 282 1097343172
108 5 284 1097345076
426 736 469 1097395603
51 49 88 1097396644
63 59 282 1097400994
3 811 253 1097401929
571 514 483 1097405950
270 907 911 1097407878
482 114 341 1097409023
428 578 274 1097411433
211 304 184 1097413750
363 528 45 1097414109
63 547 153 1097414633
180 157 352 1097416865
211 304 184 1097418104
132 410 306 1097424039
888 184 5 1097430007
147 53 369 1097434942
124 62 96 1097440099
124 62 96 1097442325
147 53 369 1097475712
78 444 79 1097485122
124 62 96 1097487382
133 787 272 1097488843
909 904 905 1097491204
133 787 272 1097493726
712 114 41 1097498853
63 59 282 1097500316
116 17 339 1097500388
58 3 5 1097502315
266 606 439 1097505707
124 62 96 1097508666
3 58 5 1097510779
570 161 64 1097518024
261 298 260 1097565902
497 446 606 1097569957
166 363 28 1097572123
166 363 28 1097572805
736 120 839 1097576253
879 826 463 1097577130
78 444 79 1097580438
404 174 356 1097583752
59 493 282 1097587525
151 61 134 1097593411
428 907 911 1097597898
407 253 139 1097598038
404 107 82 1097609516
122 87 493 1097832720
122 87 493 1097832816
122 87 493 1097833008
122 87 493 1097833082
688 333 486 1097834015
821 97 212 1097835193
62 15 439 1097835978
19 313 15 1097836031
75 222 107 1097842995
148 494 161 1097843198
147 317 188 1097844701
7 194 3 1097848958
302 190 680 1097850164
302 190 680 1097850194
404 107 82 1097852245
124 62 96 1097860097
124 62 96 1097862308
327 22 250 1097884079
304 184 212 1097888289
83 535 87 1097918926
124 62 96 1097920472
124 62 96 1097926267
376 113 52 1097926480
107 188 269 1097930762
122 211 237 1097931877
407 64 57 1097933770
187 83 227 1097934655
78 444 79 1098000342
51 49 88 1098001191
737 654 212 1098005006
767 295 207 1098005330
411 675 838 1098009648
291 184 357 1098010407
704 161 164 1098012020
64 59 302 1098012657
64 59 302 1098012814
83 116 117 1098013943
426 83 152 1098014861
731 148 83 1098014990
181 432 373 1098015210
124 62 96 1098015340
83 354 403 1098015424
704 161 164 1098015681
83 270 833 1098017130
132 133 83 1098017558
83 59 282 1098018663
83 253 97 1098018812
737 654 212 1098022774
3 875 5 1098022829
151 379 378 1098028981
151 379 378 1098029304
547 117 171 1098037271
151 379 378 1098091391
151 379 378 1098091615
151 379 378 1098092370
151 379 378 1098093480
499 333 486 1098105899
904 908 235 1098107339
124 62 96 1098119872
130 17 184 1098126722
404 875 45 1098135634
164 517 250 1098176891
376 113 52 1098184009
151 61 134 1098198832
124 62 96 1098204356
58 3 5 1098209790
151 379 378 1098229579
124 62 96 1098271580
124 62 96 1098271752
908 239 237 1098302466
151 379 378 1098344232
151 379 378 1098381582
124 62 96 1098384437
151 379 378 1098389632
151 379 378 1098434191
124 62 96 1098437434
124 62 96 1098441040
58 705 282 1098442574
124 62 96 1098448333
124 62 96 1098458120
376 113 52 1098520672
124 62 96 1098632389
124 62 96 1098634577
14 279 5 1098635537
124 62 96 1098637623
151 378 216 1098698483
151 61 134 1098792663
194 58 3 1098797918
184 22 21 1098895424
124 62 96 1099050722
381 104 397 1099056481
124 62 96 1099067612
731 174 404 1099132713
791 865 658 1099133619
65 717 6 1099145226
404 174 731 1099267275
297 378 284 1099329061
124 62 96 1099390218
731 223 183 1099394436
310 74 269 1099403356
472 550 656 1099470759
133 787 272 1099485444
237 245 302 1099500874
181 258 290 1099737492
63 311 108 1099747742
124 62 96 1099823641
304 237 245 1099831455
910 238 108 1099834440
377 369 378 1099840060
377 378 369 1099840769
151 61 134 1099844786
122 284 235 1099910211
124 62 96 1099996234
908 239 237 1100008848
124 62 96 1100021592
63 311 108 1100082195
322 559 296 1100093037
304 433 253 1100094249
7 3 5 1100189138
251 378 726 1100361235
124 62 96 1100426220
124 62 96 1100426858
89 211 138 1100437502
133 787 272 1100442011
37 14 115 1100442442
133 787 272 1100504837
151 61 134 1100515114
213 106 45 1100522525
178 86 313 1100523315
178 86 313 1100523939
178 86 313 1100524275
169 514 483 1100524857
77 120 49 1100525018
161 575 481 1100529437
168 204 205 1100530567
168 204 205 1100531228
77 120 49 1100531563
327 326 11 1100531644
913 354 355 1100532196
354 101 324 1100594991
590 354 16 1100595305
907 335 911 1100597918
89 211 138 1100598611
89 211 138 1100599714
819 87 425 1100603724
161 575 481 1100607195
174 227 512 1100609515
342 219 224 1100611094
457 233 439 1100611799
421 146 545 1100613427
509 87 45 1100614088
140 447 108 1100614378
270 140 108 1100614644
279 181 250 1100615505
261 94 260 1100618581
166 530 463 1100621980
124 62 96 1100623710
404 871 357 1100626056
261 298 94 1100675636
590 354 16 1100679201
819 87 425 1100683997
48 49 51 1100684374
410 304 212 1100687034
500 161 835 1100687193
308 851 18 1100688000
436 839 76 1100688044
436 839 76 1100688176
436 839 76 1100688308
432 51 49 1100691595
366 17 250 1100693026
441 114 41 1100701978
910 108 284 1100704032
452 122 489 1100705034
354 126 915 1100870639
651 378 149 1100894767
124 62 96 1100898204
147 53 369 1100903705
124 62 96 1100907471
450 487 486 1100936960
345 378 149 1100940504
77 120 49 1100940978
77 120 49 1100941050
77 120 49 1100941254
77 120 49 1100941283
77 120 49 1100942070
77 120 49 1100942118
77 120 49 1100942222
47 270 106 1100945005
925 322 182 1100947514
436 839 76 1100947944
347 129 52 1100951776
509 87 747 1100954792
688 499 405 1100955480
130 281 485 1100956190
472 449 418 1100957058
406 767 207 1100957313
472 418 281 1100957343
472 418 129 1100957580
472 418 45 1100957806
4 106 838 1100957958
472 418 372 1100958107
472 64 418 1100958326
472 418 115 1100958496
928 159 211 1100958600
472 29 418 1100958664
130 291 184 1100962053
261 94 260 1100962835
166 530 463 1100966431
472 418 372 1100967934
472 449 418 1100968267
208 184 202 1100968901
114 418 115 1100971627
7 3 5 1100975862
334 49 51 1101022770
354 126 915 1101025361
122 87 493 1101034612
130 87 281 1101035149
472 214 300 1101038088
124 62 96 1101039867
206 826 897 1101044391
551 927 282 1101045970
436 839 76 1101046457
148 161 638 1101048938
879 331 839 1101050082
124 62 96 1101051877
124 62 96 1101054305
151 61 134 1101055879
480 3 5 1101059830
480 3 5 1101062491
3 58 5 1101087525
689 359 333 1101123476
791 108 5 1101128611
162 361 20 1101133605
55 306 927 1101134524
819 87 425 1101134717
436 839 76 1101136784
4 411 194 1101137806
879 331 839 1101137847
64 253 244 1101146563
49 51 76 1101195941
51 49 88 1101197861
51 49 88 1101197987
122 111 610 1101198772
51 49 88 1101203326
124 62 96 1101204765
938 904 210 1101208365
30 38 24 1101209852
819 87 425 1101213077
3 58 811 1101214090
319 114 41 1101216879
78 496 790 1101219364
590 578 911 1101220046
579 205 1 1101221485
378 391 591 1101223693
452 122 164 1101224215
736 120 839 1101225144
451 10 802 1101230991
879 892 839 1101290534
676 264 115 1101295751
908 239 244 1101296014
908 239 244 1101296376
406 767 207 1101296455
736 120 839 1101296728
393 251 161 1101300130
288 93 138 1101300801
124 62 96 1101303913
376 244 272 1101305574
124 62 96 1101306988
7 3 5 1101314296
21 22 461 1101744597
690 250 461 1101745995
224 118 184 1101813304
310 559 224 1101814667
394 251 385 1101902434
51 49 88 1102061995
151 61 134 1102070328
736 254 76 1102076496
393 161 182 1102078941
938 211 87 1102087411
77 120 49 1102145596
535 87 373 1102147831
785 420 486 1102148752
48 49 51 1102149441
354 126 915 1102149610
879 892 839 1102150118
879 892 839 1102150180
879 892 839 1102150275
904 905 238 1102153360
426 736 469 1102155236
736 120 839 1102155323
299 675 138 1102155950
160 159 241 1102170151
148 161 231 1102171511
148 161 717 1102171786
161 82 548 1102174466
946 5 469 1102174516
946 405 5 1102174765
513 946 5 1102174847
946 5 233 1102174998
285 946 5 1102175098
204 732 757 1102175355
322 946 5 1102175453
465 946 5 1102175570
208 896 96 1102180691
929 935 695 1102195130
895 799 52 1102233486
530 80 87 1102234464
938 239 242 1102234854
393 148 106 1102234914
420 486 557 1102235641
77 120 49 1102236438
929 891 935 1102238553
341 807 610 1102239637
929 214 935 1102241178
354 126 915 1102243579
542 184 398 1102248976
256 283 284 1102249213
503 946 5 1102250159
925 322 182 1102251761
416 946 5 1102252107
122 284 235 1102254769
688 946 5 1102255629
309 390 389 1102257897
946 5 400 1102261418
946 5 539 1102261524
785 946 5 1102261578
356 154 161 1102261671
344 946 5 1102261683
730 946 5 1102264800
9 946 5 1102264873
77 275 264 1102270905
949 895 799 1102318145
174 155 758 1102326467
64 108 284 1102326703
279 271 184 1102326991
261 109 94 1102328506
330 376 212 1102328950
132 253 838 1102329903
367 231 284 1102330499
367 594 284 1102331293
109 113 94 1102332082
367 231 284 1102338492
75 178 458 1102339396
278 285 150 1102339937
266 935 695 1102341313
266 935 695 1102341328
77 120 49 1102342624
278 285 150 1102342939
4 64 250 1102344979
266 265 439 1102366427
354 126 915 1102409099
77 120 49 1102409491
904 938 905 1102412228
77 120 49 1102413127
77 120 49 1102413210
194 253 805 1102413591
472 494 418 1102414959
109 113 94 1102415803
417 254 185 1102416059
417 254 185 1102416061
417 254 185 1102416114
257 106 82 1102420884
78 496 790 1102421203
78 496 790 1102421246
404 174 547 1102424911
124 62 96 1102425680
135 373 432 1102426551
908 237 239 1102428723
124 62 96 1102428976
908 237 239 1102429230
130 250 284 1102430534
124 62 96 1102431259
252 87 437 1102436116
124 62 96 1102473912
261 94 260 1102663017
904 238 905 1102665895
559 458 269 1102668671
472 257 250 1102669393
508 947 185 1102670197
835 106 250 1102672544
181 886 263 1102672915
124 62 96 1102674427
151 61 134 1102676190
291 801 87 1102677024
426 736 469 1102679320
160 938 159 1102680418
431 218 432 1102680741
479 635 82 1102681015
479 635 82 1102681050
479 635 82 1102681093
19 227 18 1102681547
479 635 82 1102681876
479 635 82 1102682030
130 115 88 1102683355
124 62 96 1102684525
406 767 207 1102685546
243 159 597 1102688681
382 178 478 1102688868
216 82 115 1102689315
160 159 241 1102690621
124 62 96 1102692766
124 62 96 1102694061
243 938 242 1102694113
77 120 49 1102696086
77 120 49 1102696137
77 120 49 1102696237
404 17 542 1102704478
261 94 260 1102753955
48 49 51 1102754240
879 331 839 1102754527
879 331 839 1102754540
879 331 839 1102755097
14 647 419 1102755985
436 839 76 1102758379
508 698 507 1102761372
925 322 182 1102762318
206 161 799 1102762622
938 159 238 1102765096
909 160 938 1102765440
494 372 361 1102770960
108 188 680 1102771040
30 928 24 1102771815
132 253 108 1102772681
204 352 378 1102773478
887 896 95 1102773675
253 108 838 1102775272
925 322 182 1102778720
399 216 680 1102781990
508 930 539 1102788046
909 159 597 1102803647
253 196 838 1102808675
48 49 51 1102838807
83 146 545 1102842708
156 270 155 1102843503
83 493 84 1102843941
925 322 182 1102844773
253 196 838 1102844849
122 545 111 1102849454
122 253 838 1102850419
835 84 45 1102853434
404 174 547 1102853641
938 908 237 1102853778
109 113 94 1102854226
494 372 171 1102854404
887 896 95 1102864743
446 779 445 1102866277
519 165 138 1102868281
77 120 49 1102923323
156 352 115 1102928702
155 932 88 1102929680
441 114 484 1102930439
77 120 49 1102930530
77 120 49 1102930725
354 126 915 1102931732
441 114 484 1102932588
736 120 839 1102932886
372 171 361 1102933548
77 120 49 1102935170
48 49 51 1102935964
160 159 241 1102936710
160 159 241 1102938024
83 493 84 1102940232
17 107 188 1102940987
791 218 367 1102946021
160 159 241 1102947715
174 343 341 1102952782
160 159 241 1102955615
791 3 5 1102955801
160 159 241 1102958590
497 606 420 1102959745
253 6 838 1102964187
286 788 927 1102967300
404 107 82 1102969435
261 109 94 1103009747
904 938 238 1103013887
151 61 134 1103018382
736 120 839 1103020567
436 839 76 1103022917
436 839 76 1103022993
436 839 76 1103023108
891 247 8 1103024972
109 113 94 1103026215
731 148 161 1103028599
161 575 481 1103028724
160 159 241 1103032900
910 108 284 1103034386
160 159 241 1103037259
160 159 241 1103040122
640 403 649 1103041021
441 114 484 1103041213
160 159 241 1103041467
441 114 484 1103042537
356 154 108 1103044472
17 107 188 1103049636
160 159 241 1103054832
160 159 241 1103062364
310 75 273 1103192166
366 363 429 1103196001
133 787 272 1103198802
3 196 838 1103243651
29 458 30 1103271778
442 441 114 1103272459
124 62 96 1103277839
436 839 76 1103278037
160 159 241 1103278271
161 575 481 1103278348
87 373 432 1103278438
879 892 839 1103279476
619 181 131 1103282849
619 181 131 1103282941
130 184 202 1103286409
133 927 212 1103287845
103 3 811 1103288248
619 181 131 1103291307
354 126 915 1103291426
525 890 45 1103292274
148 494 161 1103293091
103 3 811 1103293497
493 84 85 1103297948
345 378 149 1103301210
910 334 114 1103301266
619 181 131 1103303009
69 288 82 1103314555
895 799 52 1103358068
49 51 76 1103359232
168 799 591 1103360387
698 301 875 1103367143
791 253 838 1103367337
354 126 915 1103371410
132 788 161 1103373131
885 148 161 1103373237
124 62 96 1103375453
14 210 169 1103375807
540 108 250 1103376222
535 87 373 1103379704
257 161 284 1103382219
124 62 96 1103382599
366 812 45 1103383747
75 314 318 1103383849
4 90 824 1103384772
114 115 212 1103389976
261 94 260 1103441151
261 94 260 1103441287
261 109 94 1103441624
326 758 11 1103443403
45 458 20 1103443762
333 486 557 1103444150
891 934 911 1103447608
43 146 84 1103449165
451 10 802 1103449404
75 739 458 1103450944
64 253 244 1103454340
124 62 96 1103456551
121 80 220 1103458243
135 373 432 1103458715
208 184 129 1103461083
49 51 76 1103461422
938 904 905 1103464210
547 605 171 1103465804
48 49 51 1103470712
547 79 171 1103471704
910 87 108 1103474535
107 17 188 1103489872
441 48 49 1103527045
17 107 188 1103530328
450 420 486 1103531447
436 839 76 1103532553
51 49 88 1103533057
122 545 85 1103533538
341 51 610 1103534223
332 74 249 1103534773
4 946 5 1103535464
938 904 905 1103539295
4 946 5 1103540364
4 64 946 1103540787
910 108 284 1103546550
512 250 212 1103547703
49 51 76 1103547725
938 904 905 1103548918
287 138 82 1103549168
48 49 76 1103550836
326 328 6 1103556233
43 107 6 1103556478
938 904 905 1103556899
319 115 956 1103564877
334 115 956 1103566327
4 304 64 1103567422
4 304 64 1103571564
14 519 675 1103575008
261 298 94 1103613064
48 49 76 1103618004
89 272 902 1103618697
494 372 361 1103618804
938 904 905 1103619203
938 904 905 1103626432
547 605 171 1103626442
107 188 489 1103628250
904 238 905 1103629070
161 444 556 1103630994
359 333 45 1103634024
211 64 253 1103636733
404 195 301 1103636784
64 253 244 1103636926
7 133 787 1103637960
261 109 94 1103639030
78 444 79 1103639695
938 904 905 1103642652
243 160 241 1103643071
736 839 469 1103644718
731 595 108 1103647958
411 791 3 1103648058
4 304 64 1103649530
7 6 212 1103651208
384 81 395 1103709291
7 4 3 1103818447
7 4 3 1103834050
147 53 369 1103869481
938 904 905 1103876116
287 108 138 1103877303
287 108 138 1103877358
736 120 839 1103882482
879 892 839 1103884171
354 107 372 1103884786
7 705 282 1103887660
107 301 188 1103889045
66 819 439 1103890869
75 19 227 1103891564
512 88 461 1103893721
363 458 269 1103895451
26 27 41 1103895934
120 447 41 1103896922
60 791 3 1103899767
458 269 296 1103900164
579 6 134 1103901578
436 839 76 1103902942
509 87 524 1103903582
410 97 212 1103906998
147 53 369 1103910722
4 64 946 1103912489
185 22 82 1103917423
579 6 134 1103921943
411 791 3 1103951180
261 94 260 1103959326
354 126 915 1103961905
407 253 838 1103964055
443 264 484 1103965084
731 595 108 1103965380
410 97 212 1103965505
410 97 212 1103966232
354 126 915 1103969359
799 129 88 1103969490
497 161 835 1103974022
166 363 28 1103974425
908 239 237 1103976794
4 195 3 1103978855
404 304 875 1103979241
799 129 88 1103979707
356 297 284 1103982420
799 129 88 1103982991
480 3 5 1103985195
799 129 88 1103985388
731 595 108 1103988865
551 58 272 1103989117
271 130 293 1103990157
404 304 875 1103991871
130 185 184 1104002767
480 3 5 1104016712
261 94 260 1104045207
48 49 76 1104046211
879 437 41 1104050920
291 914 87 1104051126
208 197 96 1104051614
13 381 15 1104053147
64 253 244 1104054655
605 257 433 1104056246
436 839 76 1104056332
436 839 76 1104056995
332 74 18 1104058133
64 253 244 1104059376
736 892 795 1104061543
404 304 875 1104067209
43 210 129 1104067535
799 129 88 1104070229
161 835 162 1104072744
799 129 88 1104073585
195 3 253 1104073904
404 304 875 1104083288
404 195 301 1104103811
261 94 260 1104131730
48 49 51 1104136471
48 49 51 1104136506
938 904 235 1104139017
799 129 88 1104139979
799 129 88 1104140323
446 779 445 1104141876
938 904 905 1104143701
222 548 269 1104143986
897 114 41 1104144109
799 129 88 1104144150
904 938 235 1104144225
48 49 51 1104144530
623 64 287 1104145666
826 172 546 1104146415
304 253 272 1104147871
64 272 5 1104148949
826 172 546 1104150727
410 97 90 1104151025
14 799 129 1104151536
262 25 368 1104151558
31 41 33 1104156795
579 311 851 1104156964
7 306 253 1104158440
272 273 302 1104159618
334 264 951 1104160927
410 97 90 1104162886
306 65 675 1104165125
195 3 253 1104172515
64 272 5 1104176254
4 64 946 1104179260
799 197 6 1104223326
222 458 269 1104223404
189 107 188 1104224446
891 934 911 1104225419
891 934 911 1104225474
184 129 202 1104227200
909 904 905 1104227372
913 403 101 1104228896
452 547 605 1104229426
542 184 398 1104232776
48 49 76 1104232893
94 79 129 1104235463
508 261 399 1104236401
132 306 212 1104236409
938 904 905 1104238416
900 929 891 1104240641
508 479 660 1104242455
58 64 5 1104242750
286 132 212 1104242977
222 548 269 1104243725
286 132 212 1104243875
286 132 212 1104244124
200 42 198 1104244928
128 161 164 1104245081
147 86 227 1104248132
286 132 212 1104251490
886 378 183 1104402312
81 69 82 1104409806
891 934 911 1104414320
77 120 49 1104480376
77 120 49 1104480553
77 120 49 1104480855
48 49 51 1104481735
71 108 493 1104481919
120 40 41 1104481956
959 67 330 1104484523
909 904 905 1104484779
547 117 171 1104485177
107 301 188 1104485672
938 910 237 1104485809
116 143 153 1104486824
45 458 20 1104487631
107 301 188 1104490112
736 120 839 1104490209
161 835 162 1104492496
51 49 88 1104495369
879 437 41 1104497455
799 155 129 1104497756
404 304 875 1104499011
48 49 51 1104499347
451 10 802 1104500456
253 838 282 1104503729
403 106 250 1104507829
124 62 96 1104510791
124 62 96 1104511673
124 62 96 1104513521
910 108 284 1104514294
354 126 915 1104537461
193 3 811 1104537796
354 126 915 1104539842
379 378 105 1104543172
261 94 260 1104562470
799 129 88 1104564832
739 458 269 1104568653
799 155 129 1104570383
799 129 88 1104570740
799 129 88 1104572758
949 887 896 1104574758
949 887 896 1104574918
731 595 910 1104575937
459 472 130 1104576045
7 65 96 1104576556
909 904 905 1104576970
132 454 272 1104577898
379 378 105 1104578166
286 175 380 1104581517
938 211 244 1104584769
178 224 216 1104589678
479 635 82 1104594856
479 635 82 1104594870
479 635 82 1104594908
