404 871 211 301 1097254875
322 104 381 369 1097256207
327 11 22 21 1097267662
309 429 505 212 1097270278
611 612 617 118 1097306882
17 59 64 282 1097314291
13 689 802 695 1097322712
64 17 59 282 1097326531
17 59 64 282 1097328718
83 64 59 282 1097331749
83 64 59 282 1097336558
63 64 108 282 1097345217
66 497 201 819 1097399293
119 14 622 302 1097400211
3 161 811 253 1097401704
29 129 115 330 1097402314
189 107 188 82 1097406986
189 107 188 82 1097407134
404 47 871 372 1097413540
60 64 287 138 1097416609
3 811 253 5 1097425468
788 403 59 5 1097426441
611 612 617 118 1097441971
60 403 59 57 1097487119
60 64 287 138 1097497445
446 140 445 667 1097497823
571 514 483 562 1097498291
688 405 333 486 1097499547
688 405 333 486 1097499623
359 333 486 524 1097499805
163 216 284 296 1097501170
47 165 275 427 1097508596
60 64 287 138 1097516468
688 405 333 486 1097518782
736 120 839 795 1097572217
736 120 839 795 1097572330
51 49 88 85 1097572694
736 120 839 795 1097576132
163 289 84 85 1097580145
66 130 276 439 1097580412
571 514 483 562 1097587216
590 322 578 39 1097590164
26 27 39 41 1097593330
568 162 8 361 1097594513
611 612 617 118 1097595110
7 306 59 253 1097597258
568 162 8 361 1097601463
500 498 359 524 1097624762
63 64 108 282 1097713336
895 201 95 757 1097826359
895 201 95 757 1097826863
497 487 142 528 1097828508
736 120 839 795 1097830006
590 322 578 39 1097835350
571 514 483 562 1097835903
590 322 578 39 1097837915
590 322 578 39 1097838277
590 322 578 39 1097839031
4 304 64 287 1097840032
590 322 578 39 1097840371
791 64 253 838 1097844706
571 514 483 562 1097849014
181 799 130 433 1097849491
590 322 578 39 1097857000
426 83 122 253 1097857098
286 165 17 175 1097858728
26 27 39 41 1097909746
736 120 839 469 1097916436
688 405 333 486 1097919002
688 405 333 486 1097919232
736 120 839 795 1097919514
670 856 656 138 1097921158
366 130 378 129 1097923136
736 120 839 795 1097929612
77 48 49 51 1097929890
366 130 107 134 1097948913
4 64 175 302 1097950654
3 59 139 5 1097954060
327 11 22 21 1097957211
312 261 298 260 1097997963
78 80 444 79 1098000779
432 51 88 85 1098001081
26 27 39 41 1098005274
736 120 839 469 1098006636
736 120 839 469 1098006698
736 120 839 469 1098006748
736 120 839 469 1098006792
736 120 839 469 1098006959
736 120 839 795 1098007031
181 799 130 433 1098007555
31 368 525 545 1098008138
132 411 304 64 1098011227
736 120 839 469 1098014581
26 27 39 41 1098015851
26 27 39 41 1098015870
60 64 59 282 1098016538
431 218 367 85 1098018859
194 3 811 253 1098029563
304 184 250 212 1098106932
304 184 250 212 1098109626
2 494 378 489 1098433880
508 109 185 82 1098468864
28 94 52 45 1098523851
28 94 52 45 1098552712
63 59 108 282 1098621584
28 94 52 45 1098628041
345 378 149 150 1098707238
28 94 52 45 1098725845
908 239 237 242 1098781141
670 856 656 138 1098813099
698 417 185 82 1099069180
14 352 347 212 1099332856
210 272 902 824 1099475677
210 272 902 824 1099735226
83 257 284 235 1099911536
925 322 62 183 1100351239
536 53 369 762 1100354563
536 53 369 762 1100440666
327 11 22 21 1100512834
54 801 281 463 1100521456
571 801 514 483 1100524919
83 122 545 84 1100530689
210 272 902 824 1100536034
50 122 51 85 1100592992
50 51 49 88 1100593415
67 109 113 94 1100597012
411 791 675 838 1100597213
208 219 202 96 1100604495
736 879 120 839 1100604894
736 879 120 839 1100605056
736 120 839 469 1100605154
199 210 304 184 1100605869
155 106 6 250 1100606733
155 106 250 6 1100611525
98 99 355 324 1100611640
155 106 250 6 1100612934
327 11 22 21 1100615298
688 405 333 486 1100628370
261 109 94 514 1100683749
172 826 546 115 1100685262
382 178 179 177 1100686403
887 201 95 896 1100688007
119 14 647 302 1100691899
736 879 120 839 1100691947
442 172 334 546 1100694784
172 334 48 49 1100699171
404 125 301 875 1100704115
354 101 126 915 1100704962
155 106 6 250 1100714735
327 11 22 21 1100938291
130 425 567 281 1100938955
130 425 567 281 1100940053
170 25 36 115 1100942518
122 545 111 610 1100944071
122 146 545 85 1100944259
75 229 467 19 1100944975
83 122 146 610 1100948503
366 472 433 418 1100951861
26 27 39 41 1100952669
736 839 795 469 1100956063
736 120 839 469 1100956175
736 120 839 469 1100956349
286 59 106 212 1100960865
204 799 197 933 1100961431
312 261 298 94 1100961887
327 11 22 21 1100962191
122 146 255 545 1100963228
366 494 106 250 1100965606
472 64 418 433 1100968870
54 13 425 184 1100968902
472 433 418 15 1100969075
472 494 433 418 1100969885
472 433 418 115 1100971846
472 494 433 418 1100972350
327 11 22 21 1100989525
327 11 22 21 1100989545
26 27 39 41 1101025584
472 494 433 418 1101027171
167 403 153 84 1101029242
472 494 433 418 1101038131
472 494 433 418 1101039707
327 11 22 21 1101041787
472 494 433 418 1101041907
319 87 129 82 1101042807
319 83 264 233 1101044062
472 494 433 418 1101045963
736 879 120 839 1101048207
895 201 896 95 1101053882
363 891 184 129 1101066533
26 27 39 41 1101106325
327 11 22 21 1101112246
327 11 22 21 1101112337
327 11 22 21 1101112370
14 376 549 11 1101113536
536 53 369 762 1101117841
536 53 369 762 1101118831
472 494 433 418 1101122688
472 494 433 418 1101122876
472 494 433 418 1101123380
536 53 369 762 1101123636
688 499 405 333 1101123931
472 494 433 418 1101124026
688 499 405 333 1101124182
472 494 433 418 1101124257
688 405 333 486 1101124292
736 879 120 839 1101124295
472 494 433 418 1101124521
688 405 333 486 1101125212
688 499 333 486 1101125338
472 494 433 418 1101125680
688 405 333 486 1101126449
135 87 373 432 1101132878
47 428 140 911 1101138636
55 403 59 57 1101202663
71 181 153 432 1101203482
174 403 758 70 1101206835
120 27 41 39 1101207779
120 27 41 39 1101207826
472 494 433 418 1101208811
472 494 433 418 1101208928
472 494 433 418 1101209110
472 494 433 418 1101209303
552 135 373 520 1101209457
702 69 70 548 1101210345
71 83 181 122 1101216795
590 336 335 911 1101219889
78 80 444 79 1101219990
736 879 120 839 1101225208
243 160 159 238 1101288170
530 246 676 115 1101290924
154 334 254 164 1101293934
895 799 129 52 1101296242
472 494 433 418 1101299053
261 93 399 260 1101301014
213 187 532 84 1101816720
50 51 88 85 1102062186
507 261 326 70 1102063264
28 94 52 45 1102073965
159 122 211 11 1102074795
503 363 429 45 1102075107
736 120 839 469 1102077710
66 293 456 233 1102083934
426 442 48 49 1102144152
887 201 95 896 1102149549
75 314 74 224 1102151965
83 106 84 85 1102152230
895 799 129 52 1102161625
77 48 49 51 1102162424
452 540 108 932 1102167450
50 83 51 85 1102167717
946 456 5 784 1102173864
189 946 5 362 1102174129
938 908 236 245 1102174962
180 946 580 5 1102175392
354 101 126 915 1102176071
28 94 52 45 1102176188
195 64 5 824 1102183083
261 298 94 260 1102230427
895 799 129 52 1102231482
26 27 39 41 1102234666
208 37 14 351 1102234818
4 64 90 824 1102237993
647 419 622 302 1102238765
895 799 129 52 1102242153
4 64 90 824 1102243305
466 689 946 5 1102244136
736 120 839 469 1102245797
736 879 120 839 1102246052
736 120 839 469 1102246166
26 27 39 41 1102248749
553 946 5 236 1102249867
325 872 946 5 1102249957
415 946 399 5 1102250572
415 946 399 5 1102250863
114 48 946 5 1102252343
4 64 90 824 1102252789
122 334 281 264 1102253078
26 27 39 41 1102253723
759 946 11 5 1102255316
737 109 946 5 1102255819
664 569 946 5 1102255911
503 429 247 747 1102255990
568 946 5 134 1102256007
942 900 891 934 1102259913
422 606 946 5 1102260947
10 791 946 5 1102261198
950 779 946 5 1102261321
191 505 946 5 1102261348
429 447 946 5 1102265006
571 801 514 483 1102268280
571 801 514 483 1102268347
571 801 514 483 1102268382
58 64 5 838 1102271319
895 799 129 52 1102314111
77 334 49 51 1102318903
736 120 839 469 1102319006
736 879 120 839 1102319228
50 51 88 85 1102321466
50 155 51 88 1102322180
327 11 22 21 1102322866
135 87 373 432 1102333398
327 11 22 21 1102338353
130 304 184 115 1102339927
77 48 49 76 1102400987
170 124 437 171 1102409861
135 87 373 432 1102413001
447 27 41 30 1102414657
50 51 932 88 1102417741
352 232 281 202 1102419858
279 271 130 169 1102431452
135 374 373 284 1102431559
352 232 281 202 1102433321
382 178 177 478 1102437513
382 178 177 478 1102440546
791 3 253 5 1102517045
75 223 188 269 1102528650
261 249 298 94 1102663089
50 155 51 88 1102667221
736 116 953 795 1102668150
78 80 444 79 1102668266
26 27 39 41 1102668353
170 494 372 171 1102669215
83 835 106 250 1102673442
736 120 839 469 1102674824
122 799 129 216 1102675947
159 635 211 636 1102680328
895 799 129 52 1102680352
159 635 211 636 1102680397
47 635 357 330 1102680497
47 635 357 330 1102680534
47 635 357 330 1102680556
170 356 635 339 1102680647
159 635 211 636 1102680894
125 635 301 875 1102681099
170 356 635 339 1102681589
167 122 143 82 1102682634
270 799 108 129 1102683592
411 791 675 838 1102686178
366 130 184 22 1102690528
366 130 184 22 1102694711
404 125 301 875 1102695665
404 125 301 875 1102695670
404 125 301 875 1102695673
26 27 39 41 1102751047
7 253 138 838 1102759724
7 253 138 838 1102760546
938 210 908 239 1102765439
319 441 114 48 1102771348
910 257 108 284 1102771379
336 323 141 274 1102772249
472 107 418 250 1102772940
393 395 161 380 1102780339
736 879 120 839 1102835568
206 201 129 591 1102842883
262 152 650 469 1102843482
291 433 418 250 1102843612
929 214 935 360 1102844140
404 107 458 269 1102844721
83 367 493 84 1102845470
336 907 335 911 1102846493
147 53 397 233 1102846583
393 395 161 380 1102851110
736 879 120 839 1102857135
170 494 372 171 1102865916
170 494 372 171 1102867973
130 412 276 561 1102928163
47 156 494 129 1102928703
50 51 932 88 1102930464
75 332 74 458 1102932371
436 254 76 41 1102934002
4 411 946 5 1102938734
304 129 184 82 1102942270
354 101 126 915 1102943965
50 51 88 85 1102944123
286 788 55 175 1102945079
436 116 839 437 1102949560
63 161 108 84 1102951880
512 517 84 284 1102952564
532 155 108 84 1102953386
132 59 253 838 1102969090
170 494 372 171 1103012160
26 27 39 41 1103014352
266 232 606 233 1103015036
736 120 839 469 1103020245
736 120 839 469 1103020505
736 120 839 469 1103022073
908 237 239 302 1103022204
4 791 3 838 1103023487
403 101 59 85 1103023928
78 80 444 79 1103025673
261 298 399 260 1103026006
26 27 39 41 1103029801
64 108 5 838 1103048874
160 159 211 241 1103124381
306 253 59 838 1103269854
135 374 87 373 1103271940
50 51 88 85 1103272170
895 201 95 896 1103273281
66 293 456 233 1103274201
379 104 378 105 1103275242
346 343 347 295 1103277178
83 122 545 85 1103277531
26 27 39 41 1103278066
28 94 52 45 1103283577
4 103 3 811 1103286056
286 133 927 212 1103288717
909 938 904 905 1103292512
366 107 17 188 1103294064
170 29 368 115 1103300990
579 309 556 134 1103303632
4 64 90 824 1103314144
334 48 49 76 1103358717
411 791 675 838 1103360091
20 366 363 45 1103361543
432 51 88 85 1103361583
354 101 126 915 1103364198
791 59 253 838 1103367103
404 107 301 188 1103368448
571 801 514 483 1103369846
571 801 514 483 1103369939
571 801 514 483 1103370028
170 494 372 171 1103370964
50 51 88 85 1103375375
135 373 432 84 1103384561
910 108 545 84 1103385244
430 423 84 85 1103386587
135 374 373 284 1103446324
87 281 129 493 1103454397
736 120 839 953 1103458459
736 120 839 953 1103467004
571 801 514 483 1103470948
707 689 359 12 1103471749
4 64 175 57 1103473542
736 120 839 953 1103473950
327 11 22 21 1103481864
261 298 94 260 1103526806
48 49 51 76 1103529212
736 120 839 953 1103533121
688 499 333 486 1103533682
132 791 253 97 1103536275
262 40 368 24 1103539200
403 59 253 838 1103540508
736 120 839 953 1103541122
407 64 859 138 1103544037
436 116 839 437 1103548785
170 29 368 115 1103551524
170 29 368 115 1103551723
43 65 107 6 1103554494
43 107 65 6 1103556554
4 64 175 824 1103557595
28 94 52 134 1103564940
43 65 107 6 1103566577
64 272 57 824 1103572811
262 650 152 469 1103575118
261 298 94 260 1103612948
48 49 51 76 1103615317
48 49 51 76 1103615390
174 155 758 260 1103616648
50 51 932 88 1103616881
50 155 51 88 1103617051
43 107 65 6 1103617512
26 27 39 41 1103617846
211 64 253 212 1103618945
166 436 839 76 1103620968
122 253 59 838 1103622306
50 51 932 88 1103622397
451 568 8 361 1103622721
949 887 896 591 1103623040
451 568 8 361 1103625427
571 801 514 483 1103626220
211 64 253 212 1103633126
78 80 444 79 1103633807
166 436 839 76 1103634568
132 253 838 212 1103634942
47 270 140 911 1103639314
571 801 514 483 1103641006
736 892 839 469 1103644788
407 64 859 138 1103672085
7 410 306 212 1103705090
211 64 253 212 1103724210
261 298 94 260 1103872336
436 116 839 437 1103876283
509 87 524 747 1103876734
736 120 839 469 1103882303
688 405 359 333 1103883211
411 791 675 838 1103887650
26 27 39 41 1103888129
405 359 333 498 1103888955
270 447 217 41 1103890770
107 301 188 489 1103892097
334 48 49 51 1103893311
28 94 52 45 1103893344
28 94 52 45 1103893405
4 60 64 824 1103893509
4 60 64 824 1103896311
4 60 64 824 1103896533
64 108 5 838 1103896967
26 27 39 41 1103898757
4 60 64 824 1103907344
688 499 405 333 1103908369
3 58 64 5 1103908604
376 81 283 473 1103963025
376 81 283 473 1103963901
26 442 27 39 1103964120
407 253 59 244 1103964293
334 48 49 76 1103964768
78 80 444 79 1103964837
122 146 253 545 1103965937
20 366 363 45 1103974400
120 447 27 41 1103977514
114 264 115 951 1103981443
163 216 284 296 1103984610
4 411 64 946 1103987727
174 75 261 260 1103987833
4 411 64 946 1103990198
4 411 3 946 1103992092
287 253 838 282 1103995560
4 411 3 946 1104015934
287 253 838 282 1104017072
419 65 142 6 1104026791
122 143 111 610 1104047850
50 51 49 88 1104049186
50 432 51 88 1104049277
50 51 49 88 1104049396
450 487 486 557 1104050657
480 55 56 675 1104055650
286 791 460 127 1104055717
336 323 141 274 1104056839
117 114 291 281 1104059118
465 179 497 233 1104059283
266 232 606 233 1104062271
4 411 64 946 1104064209
436 254 76 41 1104064994
4 411 64 946 1104065081
287 272 46 212 1104069481
47 272 46 273 1104078764
130 185 184 82 1104081274
366 130 517 184 1104084250
736 120 839 469 1104137299
432 51 88 85 1104141771
432 51 49 85 1104141985
4 60 64 824 1104145880
266 232 606 233 1104147024
788 253 59 838 1104150888
3 64 272 5 1104151610
366 587 107 458 1104158581
4 64 946 838 1104178253
507 261 70 94 1104217296
895 799 129 52 1104228992
4 791 946 838 1104229013
66 293 456 233 1104232049
286 132 551 212 1104233615
286 132 551 212 1104235505
172 826 334 546 1104235781
48 49 51 76 1104238158
7 253 59 838 1104241717
895 799 129 52 1104243511
688 405 333 486 1104270912
480 3 433 5 1104334201
261 298 94 260 1104477055
50 51 49 88 1104481131
75 314 74 224 1104489877
736 120 839 953 1104490038
480 788 3 5 1104493687
4 60 64 287 1104497183
4 3 64 946 1104499019
508 930 185 660 1104499097
4 3 64 946 1104499234
4 60 64 824 1104506322
4 253 5 838 1104507150
404 107 301 188 1104510805
4 60 64 824 1104513443
366 587 107 458 1104519132
181 345 348 353 1104572653
4 60 64 824 1104573701
130 185 184 82 1104577381
480 788 927 56 1104578482
13 935 659 20 1104581638
895 799 129 52 1104582410
130 185 184 82 1104582496
3 253 5 196 1104583918
194 3 5 838 1104591548
47 635 357 330 1104594417
170 356 635 339 1104594494
170 356 635 339 1104594522
170 356 635 339 1104594563
