19 233 1097234893
19 233 1097235847
802 359 1097236156
143 835 1097238144
359 524 1097243290
689 359 1097244985
359 747 1097245147
101 433 1097246143
101 433 1097246592
101 433 1097246621
101 433 1097246840
292 542 1097247365
185 6 1097247601
525 276 1097247852
292 130 1097247919
101 433 1097248413
101 433 1097248465
354 324 1097249647
7 439 1097250013
167 223 1097251244
185 6 1097251515
7 439 1097251882
428 911 1097254870
426 163 1097303585
167 80 1097311440
423 282 1097314434
146 240 1097314638
911 90 1097316038
90 911 1097317898
907 335 1097319279
907 335 1097320301
480 5 1097320894
17 282 1097321242
17 282 1097321434
368 338 1097322245
586 493 1097322806
586 493 1097323153
13 802 1097323718
689 802 1097324042
185 6 1097325043
63 838 1097325302
912 548 1097325823
166 49 1097326036
165 65 1097326716
301 115 1097327300
758 22 1097327767
19 233 1097328202
835 143 1097328214
19 233 1097328284
148 421 1097328532
129 12 1097328538
304 115 1097328696
789 245 1097329464
63 838 1097330267
444 65 1097330696
789 245 1097332072
421 24 1097332332
802 695 1097333158
778 15 1097335906
508 106 1097337565
129 12 1097337971
789 245 1097339263
436 27 1097339656
305 423 1097339737
144 481 1097339829
272 687 1097339957
128 37 1097343312
64 272 1097343779
305 17 1097400453
63 838 1097400523
492 421 1097401082
418 171 1097401229
63 838 1097401352
517 512 1097401980
421 492 1097402539
63 838 1097402603
492 143 1097403897
663 330 1097404059
369 302 1097404104
663 330 1097404351
369 302 1097404402
306 211 1097405153
304 512 1097405165
369 302 1097405331
64 272 1097405344
286 108 1097405581
369 302 1097405703
369 302 1097405853
354 324 1097406197
791 253 1097407271
327 184 1097407764
736 795 1097407869
736 795 1097407906
211 306 1097408896
70 106 1097410678
819 439 1097410851
411 899 1097412380
143 281 1097412558
369 302 1097413968
369 302 1097414570
411 287 1097414970
819 439 1097415178
65 706 1097415584
913 750 1097415586
305 17 1097415714
36 339 1097416546
305 17 1097417077
819 439 1097417206
911 90 1097418244
90 911 1097418379
305 88 1097420064
13 802 1097421271
159 908 1097421318
5 184 1097421759
701 144 1097422089
266 802 1097422218
291 295 1097422309
482 227 1097423653
9 802 1097423879
802 659 1097424164
159 908 1097424660
286 108 1097424774
811 253 1097428611
5 184 1097430809
9 802 1097479721
565 802 1097479777
36 339 1097481677
101 799 1097481891
802 695 1097482287
802 666 1097482944
493 562 1097483125
411 287 1097485097
180 340 1097488941
14 192 1097489015
799 101 1097489562
138 273 1097489593
411 287 1097489883
14 376 1097490126
14 173 1097490221
243 905 1097491066
27 48 1097491569
338 463 1097492284
117 463 1097492399
463 339 1097492515
117 463 1097493870
266 802 1097495498
144 481 1097495858
356 22 1097497634
27 48 1097498295
689 333 1097499629
758 418 1097499697
129 12 1097500622
418 758 1097501537
382 394 1097502228
166 49 1097502726
758 418 1097502799
382 394 1097502964
378 150 1097503124
291 295 1097503207
707 325 1097503278
454 469 1097503713
305 88 1097504982
741 121 1097505494
25 6 1097507740
305 88 1097507820
305 88 1097507838
609 6 1097509041
41 33 1097509339
571 6 1097509445
58 5 1097511042
180 296 1097513303
117 36 1097513869
62 96 1097514021
482 227 1097514436
62 96 1097517101
273 138 1097521874
811 253 1097522771
211 306 1097524829
11 90 1097567389
356 835 1097571631
144 481 1097571909
306 211 1097573028
403 84 1097573099
356 116 1097575611
512 517 1097575711
517 512 1097576261
613 464 1097577311
802 666 1097578235
914 571 1097579430
811 253 1097579510
914 571 1097580220
811 253 1097580253
914 571 1097580315
914 571 1097580576
826 463 1097582707
304 902 1097583922
826 463 1097583982
13 802 1097585086
126 324 1097586145
126 915 1097586233
13 802 1097586401
90 911 1097586910
911 90 1097587470
312 219 1097587501
167 49 1097587571
312 219 1097587577
151 379 1097587590
83 153 1097592889
308 851 1097596484
253 139 1097597778
211 306 1097754330
139 5 1097770026
493 282 1097772742
683 483 1097778380
404 185 1097822039
891 359 1097826009
670 138 1097829109
907 335 1097833685
907 335 1097833784
306 211 1097834665
911 90 1097835490
911 90 1097835527
908 235 1097835799
166 120 1097835998
15 561 1097836084
132 250 1097836845
737 212 1097837328
561 15 1097837465
5 723 1097840827
136 24 1097840856
737 212 1097841776
306 211 1097842117
126 324 1097843270
273 138 1097844197
289 505 1097844433
126 324 1097845374
26 30 1097846931
132 250 1097847721
302 680 1097850327
302 680 1097850342
454 90 1097851616
689 802 1097852146
454 90 1097852618
253 723 1097853024
126 324 1097854366
168 896 1097854452
382 394 1097855162
536 228 1097855226
723 5 1097856230
317 188 1097856555
166 221 1097856599
879 184 1097864841
126 324 1097910794
737 212 1097914722
223 685 1097915123
126 324 1097916416
135 367 1097919499
206 94 1097920150
266 554 1097920542
97 902 1097921880
305 87 1097922054
911 90 1097923266
378 896 1097923711
305 87 1097924166
78 538 1097924610
305 87 1097924739
229 227 1097924903
151 379 1097926404
14 173 1097926820
9 654 1097927584
14 16 1097927668
907 335 1097927942
913 126 1097928163
379 151 1097929359
116 862 1097930025
916 609 1097930660
916 609 1097930922
916 609 1097931062
916 609 1097931239
916 609 1097931312
292 541 1097932188
136 24 1097932841
58 241 1097933650
58 241 1097934193
58 241 1097934308
227 517 1097934890
206 94 1097936009
227 517 1097936784
899 824 1097936905
297 433 1097936936
737 212 1097939575
136 24 1097939839
139 5 1097941354
555 15 1097941942
887 801 1097945174
151 379 1097964131
93 399 1098002085
892 839 1098003013
917 233 1098004361
83 463 1098004608
737 212 1098004774
308 302 1098005632
9 654 1098006025
613 780 1098006867
86 318 1098007184
14 52 1098008019
86 318 1098008188
129 918 1098009463
93 399 1098009999
31 545 1098010089
378 164 1098010558
222 250 1098010791
136 24 1098010887
222 250 1098010896
200 281 1098012092
122 237 1098014337
875 5 1098014808
548 20 1098014921
200 281 1098015096
254 108 1098015101
378 164 1098015383
548 20 1098015660
327 548 1098016078
470 161 1098017014
83 16 1098017271
917 233 1098017337
161 412 1098017479
900 15 1098018423
470 161 1098018813
613 780 1098019821
379 151 1098020581
379 297 1098022932
198 216 1098027127
892 839 1098027468
198 216 1098027630
291 131 1098028759
433 20 1098029756
420 20 1098030099
433 20 1098030313
210 287 1098031300
470 161 1098084570
908 235 1098090335
379 151 1098091011
151 379 1098093216
390 458 1098093870
587 272 1098097258
379 151 1098100008
151 379 1098100627
379 151 1098103347
151 379 1098115327
227 108 1098115861
62 96 1098116718
379 151 1098118421
151 379 1098119099
404 127 1098121423
919 190 1098179822
379 151 1098182499
151 379 1098183971
168 182 1098185694
232 182 1098185809
917 233 1098190402
157 886 1098198671
157 886 1098199666
898 434 1098214523
306 209 1098265297
62 96 1098272446
908 237 1098296481
215 125 1098435089
148 155 1098436275
856 138 1098442534
305 423 1098443176
306 209 1098443648
404 542 1098447544
58 5 1098448849
480 282 1098456567
536 228 1098458467
536 228 1098458743
148 155 1098460330
378 757 1098520425
14 551 1098521709
920 96 1098525240
656 138 1098525261
97 902 1098525843
254 88 1098537396
731 14 1098538699
731 14 1098539306
210 888 1098540847
306 209 1098542393
921 296 1098543013
921 296 1098543469
921 296 1098544017
154 257 1098544623
8 223 1098580120
488 433 1098580122
284 235 1098604250
292 541 1098607552
181 250 1098614249
306 209 1098616633
669 275 1098619979
317 434 1098620120
306 493 1098622728
306 493 1098623269
914 291 1098626295
411 304 1098626462
63 282 1098626937
210 250 1098637968
315 506 1098652883
181 250 1098696654
895 556 1098700314
58 5 1098701884
367 680 1098702928
181 250 1098703849
492 292 1098703947
232 348 1098704920
14 184 1098706270
61 106 1098709459
306 209 1098710057
378 216 1098711519
61 106 1098712353
121 381 1098714938
559 322 1098719420
895 96 1098784236
419 231 1098786523
148 421 1098787331
121 381 1098789052
14 41 1098789091
905 211 1098792450
177 182 1098798331
346 153 1098798387
525 232 1098800306
914 291 1098803558
525 232 1098804576
525 232 1098808980
251 62 1098810430
656 138 1098812831
525 232 1098873576
177 182 1098893211
378 757 1098959066
525 232 1099041252
157 886 1099047839
157 886 1099048285
764 155 1099048736
157 886 1099049125
279 887 1099049721
886 181 1099050146
465 232 1099051836
410 304 1099053961
587 399 1099058601
356 649 1099064041
559 891 1099068640
731 922 1099126296
108 680 1099126839
232 182 1099135164
211 107 1099140266
764 419 1099143388
851 378 1099145833
587 399 1099146063
97 902 1099147048
328 923 1099151478
544 256 1099153824
96 182 1099156040
154 649 1099308007
635 127 1099308345
635 127 1099308347
635 127 1099308360
635 127 1099308374
635 127 1099308396
635 127 1099308412
2 638 1099309077
638 107 1099309609
322 532 1099315954
96 182 1099316607
62 20 1099317300
62 281 1099317405
154 106 1099319506
920 96 1099320721
550 185 1099384859
917 233 1099390262
902 90 1099402776
66 207 1099403322
207 108 1099403788
177 232 1099404175
6 235 1099405858
161 182 1099407241
163 104 1099413652
124 879 1099416992
909 235 1099468723
304 115 1099471244
297 22 1099474295
210 824 1099474640
124 879 1099475053
148 421 1099476257
143 192 1099481914
278 207 1099488395
21 680 1099490148
175 253 1099490965
278 207 1099491796
286 210 1099495087
188 106 1099593327
696 100 1099729352
211 22 1099730465
542 398 1099734987
14 41 1099735276
286 899 1099745355
210 902 1099747995
278 207 1099748230
278 207 1099748642
278 207 1099748727
87 235 1099751626
399 680 1099752775
210 902 1099753368
459 216 1099754069
167 227 1099755694
655 616 1099816944
638 924 1099819664
304 115 1099820355
210 902 1099820685
210 902 1099824202
159 905 1099827986
377 369 1099830522
902 90 1099831121
304 115 1099831158
97 902 1099831293
902 610 1099834347
126 324 1099835000
143 192 1099840294
148 421 1099840600
489 296 1099843107
3 127 1099868712
209 134 1099911027
347 353 1099911429
284 235 1099912666
304 115 1099923483
86 318 1099931823
253 902 1099938404
3 127 1099959743
902 90 1099989363
148 421 1099989720
925 61 1099992053
904 235 1099997007
904 235 1099997296
904 235 1099998463
638 107 1099999347
126 324 1100000574
925 182 1100008013
354 324 1100009045
305 454 1100009101
904 235 1100013744
210 250 1100023697
210 250 1100079816
904 235 1100087388
731 174 1100087516
174 530 1100087518
174 127 1100088117
559 322 1100090323
292 541 1100093134
559 322 1100093469
167 535 1100093755
482 306 1100096086
908 236 1100099718
66 207 1100100698
4 194 1100101310
124 171 1100112765
108 680 1100116901
856 138 1100335472
167 22 1100336623
382 926 1100341197
181 830 1100347436
713 161 1100348503
315 419 1100351885
97 902 1100353533
151 216 1100354376
151 216 1100357053
151 216 1100357353
151 216 1100357469
452 649 1100359775
382 181 1100360036
886 181 1100360055
927 282 1100367819
409 287 1100369008
409 287 1100372945
129 296 1100416066
388 284 1100423942
148 421 1100425119
237 108 1100425688
148 421 1100428778
129 296 1100432886
129 296 1100433529
369 302 1100436069
914 571 1100442087
129 296 1100444339
452 284 1100444488
352 6 1100446045
908 237 1100448672
315 419 1100510820
14 483 1100511595
116 22 1100514030
887 801 1100519437
114 418 1100521205
907 488 1100521342
168 482 1100523030
373 88 1100523925
170 376 1100523969
452 458 1100524120
549 106 1100524130
596 87 1100524182
739 269 1100524210
928 641 1100524712
491 166 1100524837
927 212 1100525047
219 313 1100525053
572 497 1100525251
421 334 1100526590
143 264 1100526621
449 106 1100526893
327 11 1100527894
549 106 1100528194
449 106 1100528214
929 214 1100528690
929 214 1100528734
929 214 1100528794
929 214 1100528870
929 214 1100528937
166 491 1100529571
892 839 1100530399
892 839 1100530452
930 70 1100531133
37 892 1100531339
98 355 1100531444
7 5 1100531497
491 166 1100531784
354 324 1100534483
452 284 1100534521
638 107 1100535073
638 107 1100535158
452 284 1100535251
892 29 1100535984
892 29 1100536247
166 259 1100536852
376 115 1100538751
259 416 1100539708
7 5 1100550192
904 238 1100591049
465 499 1100592159
472 18 1100592839
472 18 1100593235
904 238 1100594313
892 114 1100595070
928 423 1100595524
201 758 1100595629
166 94 1100595765
421 492 1100596515
174 87 1100596611
75 928 1100597222
930 70 1100597427
66 757 1100598518
167 410 1100599359
244 88 1100599371
7 5 1100599405
201 758 1100599405
89 211 1100599902
201 758 1100600668
904 244 1100600725
904 908 1100600774
904 908 1100601111
904 908 1100601349
201 758 1100601804
904 908 1100602083
201 758 1100602219
904 238 1100602306
613 701 1100602798
452 545 1100603861
311 108 1100604094
206 903 1100605239
336 907 1100605349
421 532 1100605974
421 545 1100606005
421 146 1100606021
737 928 1100606334
7 5 1100606777
737 928 1100607876
928 75 1100609158
143 130 1100609579
904 238 1100609673
654 88 1100610663
68 532 1100610756
799 283 1100610940
931 29 1100610984
905 238 1100612285
904 238 1100612331
899 824 1100614116
334 253 1100614165
219 216 1100615229
180 151 1100615287
219 216 1100615844
913 354 1100616084
879 437 1100617542
472 18 1100617621
442 546 1100617710
219 216 1100617943
270 108 1100617943
698 185 1100617984
698 185 1100620704
201 758 1100620931
397 233 1100621118
410 304 1100621126
698 185 1100622700
388 284 1100623265
914 571 1100623367
201 758 1100626530
465 499 1100629206
933 591 1100629940
571 514 1100631996
201 758 1100632145
7 5 1100633432
930 70 1100652181
220 18 1100675413
220 18 1100675464
334 253 1100676746
389 626 1100677975
930 70 1100678035
153 439 1100680508
201 758 1100681293
201 758 1100681691
168 896 1100681730
934 184 1100681751
930 70 1100681787
201 758 1100682107
930 70 1100683080
590 354 1100683326
201 758 1100683590
98 355 1100684538
736 795 1100684829
930 70 1100684949
930 70 1100685961
220 18 1100686933
153 439 1100686957
220 18 1100687003
220 18 1100687063
442 897 1100687555
500 161 1100687581
206 497 1100687787
930 70 1100688080
363 487 1100688096
930 70 1100688163
930 70 1100688754
423 517 1100689304
799 543 1100689558
930 70 1100690353
934 184 1100690566
500 429 1100690702
879 839 1100692142
930 70 1100692512
928 473 1100692926
491 106 1100694229
156 151 1100694740
156 182 1100695103
928 473 1100696011
799 543 1100696077
928 473 1100696951
95 933 1100697392
491 106 1100697634
930 70 1100699123
788 302 1100699264
788 302 1100699542
689 935 1100699847
930 70 1100700081
161 256 1100701030
256 423 1100701696
387 105 1100701833
166 334 1100706440
206 887 1100708640
201 758 1100714958
925 182 1100802609
4 194 1100863707
590 101 1100880717
7 859 1100917903
896 95 1100937623
543 106 1100937709
201 758 1100937818
928 334 1100940241
213 75 1100940399
928 304 1100940778
95 896 1100941205
928 473 1100941277
270 108 1100941479
928 59 1100941906
70 108 1100943081
166 94 1100943309
480 5 1100943620
419 106 1100943659
403 355 1100943938
83 545 1100944258
206 497 1100944370
220 18 1100944843
87 747 1100945043
517 932 1100945439
517 932 1100945522
167 22 1100945567
167 928 1100946294
201 758 1100946492
912 341 1100946921
928 367 1100947702
220 18 1100948145
220 18 1100948190
75 928 1100948396
201 758 1100948695
426 166 1100949128
613 932 1100949557
166 94 1100950041
289 549 1100950115
928 75 1100950251
928 18 1100951065
166 94 1100951374
928 146 1100952548
201 758 1100953934
334 6 1100954142
480 108 1100954280
106 473 1100954452
143 46 1100955542
356 106 1100956006
480 108 1100957430
250 747 1100957749
936 70 1100958639
931 795 1100958754
320 108 1100958833
227 106 1100958982
418 281 1100959118
928 647 1100959238
480 108 1100959739
899 57 1100959884
418 372 1100959904
201 758 1100960081
201 758 1100960530
334 6 1100960902
201 758 1100961567
356 106 1100961657
480 108 1100961740
237 108 1100961771
341 512 1100962514
237 108 1100963358
201 758 1100963543
286 106 1100963842
227 106 1100963877
106 838 1100963923
106 473 1100963967
928 641 1100963973
419 106 1100963994
543 106 1100964041
170 376 1100965361
376 341 1100966140
346 263 1100966540
378 258 1100966927
170 36 1100967008
64 418 1100967048
820 369 1100969153
930 70 1100969833
108 70 1100970528
376 115 1100971515
341 106 1100972314
343 108 1100973495
87 281 1100973517
53 378 1100974565
53 378 1100974611
211 115 1100976342
53 378 1100977981
4 324 1100978796
933 591 1100980809
376 22 1100989475
820 369 1100990877
612 727 1101014097
612 727 1101014101
612 727 1101014104
612 727 1101014107
220 18 1101020677
259 416 1101022376
109 94 1101022542
376 368 1101025781
851 18 1101026203
851 18 1101026896
109 94 1101027154
194 56 1101027281
143 46 1101027372
286 106 1101027728
928 532 1101027812
698 185 1101027872
417 548 1101028033
4 324 1101028153
109 94 1101028700
160 241 1101029113
219 216 1101030017
442 897 1101030367
286 106 1101030877
851 18 1101031163
174 647 1101031369
122 339 1101031556
167 928 1101033588
612 739 1101033677
612 739 1101033752
612 739 1101033811
612 739 1101033878
612 739 1101033932
826 447 1101034327
447 483 1101034402
122 87 1101034731
122 493 1101034791
219 216 1101034805
255 799 1101034913
122 339 1101034922
130 87 1101035370
895 41 1101035379
612 739 1101035664
612 739 1101035708
612 739 1101035755
612 739 1101035803
612 739 1101035843
243 6 1101036225
895 41 1101036375
895 41 1101036385
895 41 1101036418
895 41 1101036489
895 41 1101036495
895 41 1101036509
895 41 1101036513
895 41 1101036521
895 41 1101036531
895 41 1101036538
895 41 1101036546
895 41 1101036553
895 41 1101036559
819 87 1101036784
4 324 1101036805
417 548 1101037627
612 739 1101037770
612 739 1101037783
612 739 1101037793
612 739 1101037805
835 695 1101037818
612 739 1101037818
219 216 1101038588
612 739 1101038843
612 739 1101038847
612 739 1101038852
612 739 1101038856
612 739 1101038860
505 367 1101039585
452 106 1101039714
108 70 1101040073
174 647 1101040316
256 106 1101040421
167 472 1101040900
220 18 1101041012
14 256 1101041363
452 106 1101041850
262 170 1101042244
200 279 1101042486
256 106 1101042967
707 524 1101043318
220 18 1101043602
928 334 1101043675
87 281 1101043743
284 1 1101043919
122 339 1101043927
174 647 1101044198
421 799 1101044296
220 18 1101044417
174 647 1101044597
87 281 1101044855
444 129 1101044879
70 108 1101045442
167 535 1101045549
444 129 1101045781
512 517 1101045963
5 284 1101046198
927 282 1101046354
122 339 1101046382
5 284 1101046454
891 184 1101046707
444 129 1101046921
928 304 1101047157
14 97 1101047628
284 1 1101047988
452 106 1101048359
452 106 1101049521
125 817 1101049658
243 6 1101050251
243 6 1101050311
294 524 1101050532
146 164 1101051061
411 139 1101051453
927 282 1101051554
411 139 1101051857
411 139 1101052052
284 1 1101052580
411 139 1101052796
895 896 1101053416
895 896 1101053469
524 747 1101053793
167 928 1101054598
895 896 1101054671
356 334 1101054735
334 576 1101054813
334 280 1101054820
170 334 1101055146
167 928 1101055296
75 106 1101056205
356 512 1101056323
930 70 1101056681
114 903 1101057527
930 70 1101057707
515 334 1101057981
936 70 1101070034
334 418 1101072091
220 18 1101107138
220 18 1101107177
470 334 1101108613
36 115 1101111447
334 418 1101112351
14 97 1101112823
638 334 1101113755
639 418 1101113891
19 418 1101113986
418 256 1101114102
132 284 1101114170
895 896 1101114207
334 638 1101114299
470 334 1101114312
515 334 1101114328
516 334 1101114341
494 171 1101114371
334 280 1101114440
334 576 1101114448
494 171 1101114461
356 334 1101114462
146 284 1101116017
494 171 1101116212
936 70 1101116379
19 418 1101116381
639 418 1101116446
472 151 1101116674
201 758 1101117020
9 654 1101117383
480 5 1101117758
162 250 1101117779
334 625 1101117971
304 115 1101118022
201 758 1101118129
132 306 1101118278
904 65 1101118362
58 5 1101118813
480 108 1101118838
334 134 1101118900
698 507 1101119352
256 418 1101119509
132 284 1101121154
132 284 1101121187
801 87 1101121411
334 625 1101121588
334 134 1101122063
572 497 1101122429
572 497 1101122652
19 418 1101122656
639 418 1101122818
480 927 1101123060
334 282 1101123424
936 937 1101124015
909 239 1101124297
418 256 1101124484
78 106 1101124620
879 437 1101125124
238 254 1101126184
334 282 1101126351
403 423 1101127115
102 301 1101128856
403 423 1101131611
117 875 1101131973
557 528 1101133775
306 927 1101135135
326 937 1101135272
590 101 1101135669
132 58 1101138159
166 493 1101139080
928 159 1101139686
121 334 1101139794
334 231 1101139807
731 494 1101140844
896 757 1101141087
896 757 1101141105
731 494 1101141218
286 210 1101142213
238 254 1101142353
201 758 1101143020
187 532 1101143333
306 927 1101144146
306 927 1101146813
306 927 1101147185
648 334 1101148024
306 927 1101150950
3 334 1101177445
194 56 1101178786
334 231 1101194260
94 41 1101195821
928 74 1101196447
306 175 1101198421
201 758 1101198429
590 427 1101199175
334 231 1101199179
689 934 1101199697
71 430 1101199744
201 758 1101200256
934 911 1101200353
292 130 1101201002
802 695 1101202652
458 296 1101203307
166 493 1101203665
160 938 1101203845
910 108 1101204012
579 201 1101205666
25 115 1101205814
421 146 1101205949
201 758 1101206289
220 18 1101206327
579 201 1101206593
928 891 1101206667
237 108 1101206953
201 758 1101207212
938 210 1101207696
721 334 1101207844
25 115 1101207930
721 334 1101207987
938 210 1101208894
201 758 1101208953
220 18 1101209283
938 210 1101209321
938 210 1101209327
238 905 1101209678
69 283 1101210028
69 283 1101210194
707 524 1101210420
69 283 1101210506
904 938 1101210622
64 244 1101210752
938 904 1101210925
904 938 1101210949
938 210 1101211131
395 369 1101211331
929 524 1101211377
201 758 1101211452
201 758 1101211569
730 250 1101211898
436 481 1101211950
181 250 1101211968
69 283 1101212083
927 282 1101212224
910 284 1101212322
938 237 1101212584
938 237 1101212621
286 210 1101213464
279 378 1101213886
416 368 1101213966
376 115 1101214275
220 18 1101214839
334 6 1101215901
156 109 1101218044
109 94 1101218417
220 18 1101219237
436 339 1101219711
285 639 1101220684
119 387 1101220904
911 90 1101221004
285 256 1101221199
168 425 1101221366
791 545 1101221377
237 108 1101221826
206 497 1101222121
261 94 1101222163
367 45 1101223026
310 613 1101223196
545 209 1101223346
938 244 1101223621
879 437 1101224314
201 758 1101225060
194 56 1101225934
334 6 1101226362
938 244 1101226581
404 127 1101228121
567 456 1101228626
388 284 1101228928
4 56 1101230238
613 520 1101230381
494 171 1101243780
875 22 1101258361
220 18 1101279386
917 351 1101281313
470 334 1101282012
147 86 1101283673
938 244 1101283884
201 758 1101284909
78 106 1101285480
458 296 1101285794
494 171 1101286067
366 812 1101286455
174 928 1101286474
909 938 1101287014
938 210 1101287156
909 938 1101287207
938 210 1101287489
201 758 1101288006
430 432 1101288650
14 444 1101288794
14 444 1101289190
403 16 1101289289
403 16 1101289397
925 322 1101289844
14 444 1101290133
156 109 1101290372
156 109 1101290570
470 334 1101290986
835 283 1101291033
201 758 1101291776
388 284 1101291850
222 130 1101292203
122 164 1101293303
914 757 1101294317
173 799 1101295410
908 237 1101295480
908 237 1101295967
799 444 1101296190
799 134 1101296325
70 108 1101296438
938 143 1101296801
928 891 1101297400
938 143 1101297608
198 599 1101300225
7 927 1101300453
698 497 1101301210
379 284 1101301356
129 933 1101302084
404 542 1101302615
494 171 1101303966
494 171 1101305432
698 497 1101305449
107 296 1101306657
454 117 1101306823
664 142 1101307029
166 124 1101313053
494 171 1101313464
879 437 1101313982
879 437 1101314624
343 202 1101742678
288 780 1101847349
930 70 1102023476
930 70 1102027546
930 70 1102028821
133 302 1102057027
472 257 1102059375
220 18 1102059732
220 18 1102059794
416 368 1102060797
201 758 1102061209
177 232 1102061373
87 207 1102062491
935 20 1102063495
213 493 1102063709
938 244 1102063826
201 758 1102064038
929 935 1102065526
835 59 1102065550
43 59 1102065602
929 935 1102065608
901 804 1102065634
43 610 1102065708
408 757 1102065709
408 923 1102065929
177 232 1102066140
472 45 1102066443
166 493 1102066467
472 29 1102066540
472 29 1102066794
472 45 1102066843
22 212 1102067036
174 403 1102067038
3 433 1102067076
747 45 1102067923
133 302 1102068674
109 94 1102068897
367 235 1102068905
109 94 1102069344
109 94 1102070227
492 284 1102070708
88 209 1102070814
7 859 1102070900
185 943 1102070996
859 282 1102071138
143 46 1102071521
109 94 1102071583
28 493 1102071675
710 804 1102071899
710 804 1102071973
334 321 1102072082
334 321 1102072181
856 138 1102073112
791 545 1102073432
908 244 1102073439
656 138 1102073455
220 18 1102073590
28 493 1102073986
929 935 1102074007
472 107 1102074189
132 306 1102074682
334 321 1102074767
419 6 1102074778
160 938 1102074932
928 244 1102075554
334 321 1102076069
122 256 1102079556
930 70 1102079714
285 471 1102080332
285 256 1102080347
930 70 1102081131
201 758 1102081131
892 469 1102081258
285 256 1102081454
467 717 1102081481
132 838 1102081600
87 56 1102081916
285 256 1102082076
14 390 1102082410
71 108 1102083164
201 758 1102083300
938 238 1102083779
930 70 1102083798
938 211 1102083954
16 911 1102084021
859 282 1102084183
938 244 1102084890
201 758 1102084930
80 87 1102084940
938 244 1102085271
938 244 1102085383
185 944 1102085481
201 758 1102085536
938 87 1102086442
66 207 1102086488
879 437 1102086711
879 437 1102086992
579 22 1102087083
938 244 1102088844
938 244 1102088937
165 138 1102089847
788 927 1102091006
66 207 1102091062
788 927 1102092741
788 927 1102092897
167 410 1102093633
579 22 1102095513
472 494 1102099906
930 70 1102130569
930 70 1102131699
613 319 1102143961
147 369 1102147905
613 319 1102149309
243 304 1102150242
579 22 1102151145
292 233 1102151378
442 34 1102151780
292 233 1102152060
799 945 1102152922
799 945 1102153011
419 463 1102153067
75 153 1102153538
75 153 1102154050
835 802 1102154419
887 801 1102155364
256 84 1102155373
359 524 1102155935
835 802 1102156097
292 541 1102156484
579 22 1102156545
498 645 1102156953
879 839 1102157078
879 839 1102157171
153 610 1102158280
7 927 1102158625
7 927 1102159469
167 928 1102160706
167 928 1102160840
219 283 1102160942
374 562 1102161036
650 469 1102163256
160 938 1102163754
819 87 1102164592
243 304 1102164831
243 304 1102164929
244 838 1102166258
838 282 1102166814
377 395 1102166898
13 363 1102166977
819 87 1102167069
373 493 1102169035
404 106 1102169288
472 114 1102169452
791 374 1102169452
16 911 1102169866
25 34 1102169976
928 56 1102170009
153 610 1102171170
393 108 1102171447
315 419 1102171946
510 927 1102172893
419 6 1102173123
147 86 1102174247
791 374 1102174387
508 930 1102174485
508 930 1102174586
88 209 1102174953
946 5 1102175230
946 5 1102175668
946 5 1102175739
253 824 1102175799
946 5 1102175876
508 930 1102177840
508 930 1102177871
579 22 1102178019
147 86 1102179098
472 115 1102180493
156 188 1102180859
579 22 1102182918
579 22 1102184100
900 130 1102184354
451 645 1102189215
929 935 1102193753
508 930 1102197058
508 930 1102199374
508 930 1102202464
508 930 1102203674
508 930 1102212966
508 930 1102213288
508 930 1102213554
930 70 1102214482
261 94 1102229925
426 442 1102230498
261 94 1102230589
219 224 1102230916
932 88 1102233552
219 685 1102234060
613 34 1102235507
167 22 1102235607
901 718 1102235661
938 244 1102236083
508 930 1102236338
508 930 1102236724
174 403 1102236893
938 239 1102237152
938 239 1102237238
315 419 1102237744
929 214 1102238272
201 758 1102238716
929 214 1102238893
291 514 1102239508
510 927 1102239916
508 930 1102240439
508 930 1102240729
220 18 1102240809
201 758 1102241427
492 284 1102241573
791 374 1102241586
492 284 1102241661
508 947 1102241688
372 106 1102241926
480 928 1102242207
508 930 1102242528
411 946 1102242632
508 930 1102242662
875 5 1102243141
791 374 1102243321
791 374 1102243462
791 374 1102243529
160 241 1102243688
87 152 1102243783
201 758 1102243837
411 946 1102243984
201 758 1102244615
232 182 1102244773
232 182 1102245073
232 182 1102245209
480 927 1102245232
232 182 1102245780
247 645 1102246064
266 935 1102246228
266 935 1102246272
879 839 1102246403
929 935 1102246586
508 930 1102246791
167 126 1102246848
929 935 1102246897
929 935 1102246943
935 695 1102247247
791 374 1102247615
372 106 1102247778
613 411 1102247878
247 645 1102247903
929 935 1102248043
791 374 1102248124
243 304 1102248715
243 304 1102248767
929 935 1102248804
929 935 1102248912
929 935 1102249122
508 947 1102249124
946 5 1102249370
925 322 1102249381
946 5 1102249763
929 214 1102249919
334 6 1102250013
946 5 1102250035
163 161 1102250124
925 322 1102250409
65 896 1102250424
201 758 1102250430
201 758 1102250517
946 5 1102250924
60 791 1102251049
106 45 1102251177
106 45 1102251745
247 645 1102251908
946 5 1102252411
895 41 1102252517
910 108 1102252793
949 896 1102253457
946 5 1102253908
13 363 1102254165
163 389 1102254853
946 5 1102255391
946 5 1102255454
946 5 1102255534
168 571 1102255597
13 363 1102255637
946 5 1102255699
156 188 1102256557
545 838 1102256975
368 108 1102256998
791 84 1102259229
189 171 1102259256
201 758 1102259546
7 194 1102259596
168 571 1102259844
284 235 1102260445
900 130 1102260618
284 235 1102260953
166 892 1102261097
326 923 1102261179
156 188 1102261343
201 758 1102261357
879 437 1102261381
288 875 1102261510
879 437 1102261618
261 94 1102261746
508 930 1102261822
946 175 1102261884
946 5 1102262043
946 5 1102262162
132 928 1102262321
201 758 1102263547
266 935 1102263585
291 88 1102263857
88 209 1102263890
291 88 1102264101
291 88 1102264547
291 88 1102264824
946 5 1102264945
168 571 1102266802
946 5 1102267360
447 483 1102267548
23 302 1102268224
168 571 1102268467
122 264 1102272763
291 88 1102274819
214 935 1102279743
7 194 1102290703
508 930 1102302935
126 915 1102320530
879 129 1102322105
879 129 1102322259
938 210 1102322387
938 244 1102322711
376 115 1102323274
655 616 1102323466
938 904 1102324026
904 938 1102325077
904 238 1102325196
249 216 1102325635
508 930 1102325745
938 904 1102325756
140 275 1102326319
938 210 1102326696
419 622 1102326937
732 799 1102327209
119 22 1102327449
23 302 1102327486
376 115 1102327967
421 116 1102328080
938 210 1102329212
908 237 1102329514
135 758 1102329609
325 8 1102329833
23 302 1102329875
928 334 1102330096
273 335 1102330523
508 930 1102330623
929 361 1102331081
525 45 1102331422
376 212 1102331947
376 212 1102332037
219 216 1102332130
517 932 1102332959
938 210 1102333071
914 571 1102334117
938 210 1102334119
730 302 1102334184
904 908 1102334208
247 645 1102334625
904 238 1102334782
211 106 1102335013
247 645 1102335607
938 210 1102335676
161 256 1102336157
938 210 1102336469
879 437 1102336542
938 210 1102336711
81 548 1102337593
119 22 1102338323
367 231 1102339140
201 758 1102340444
908 237 1102340708
119 22 1102340724
491 108 1102340745
261 94 1102340827
184 282 1102341145
938 210 1102341850
166 94 1102341932
458 330 1102342236
244 88 1102342416
201 758 1102342462
244 88 1102342518
244 88 1102342627
201 758 1102342636
212 330 1102342785
178 545 1102343368
201 758 1102343473
376 302 1102343627
791 253 1102344227
367 594 1102344253
330 212 1102344593
938 908 1102344995
367 594 1102345910
367 594 1102346265
525 45 1102346609
7 859 1102346936
334 6 1102347136
507 479 1102347255
75 467 1102347607
347 106 1102347772
938 159 1102349050
113 473 1102349562
578 274 1102349804
347 106 1102352240
210 952 1102353313
184 282 1102355156
938 159 1102366847
508 663 1102379142
166 94 1102400595
220 18 1102403346
167 535 1102409039
167 535 1102409381
879 839 1102409558
879 839 1102409579
507 479 1102410489
708 38 1102410635
212 330 1102411050
132 306 1102411737
166 454 1102413067
454 120 1102413094
153 493 1102413251
454 795 1102413321
293 233 1102413487
454 36 1102413490
938 904 1102414005
161 256 1102414693
140 911 1102415045
447 483 1102415047
938 545 1102415201
938 545 1102415867
132 421 1102415963
132 421 1102416203
330 212 1102417103
421 928 1102417540
119 133 1102417777
938 242 1102418218
306 859 1102418486
64 284 1102418765
201 758 1102419156
938 908 1102419861
938 908 1102419963
892 469 1102420146
879 437 1102420678
220 18 1102421150
791 84 1102421265
892 469 1102421323
788 927 1102421672
359 12 1102421679
132 56 1102421690
505 12 1102422199
791 283 1102422203
495 12 1102422268
788 927 1102422347
495 12 1102422645
106 82 1102422661
826 546 1102423042
306 859 1102423329
791 283 1102423349
929 935 1102423513
791 283 1102423517
929 935 1102423674
7 194 1102423777
791 3 1102424170
938 545 1102424212
87 106 1102424264
532 87 1102424318
879 437 1102424546
87 106 1102424575
87 106 1102425294
826 546 1102425350
910 108 1102426333
172 24 1102427308
94 41 1102427414
879 437 1102427421
172 24 1102427491
94 41 1102427499
87 106 1102427570
122 838 1102428431
913 354 1102429460
25 40 1102429949
201 758 1102430338
895 591 1102430448
512 489 1102430485
495 12 1102430703
411 946 1102430703
12 784 1102430833
712 319 1102431413
910 108 1102431686
94 41 1102432001
910 108 1102432028
306 859 1102433367
546 134 1102433703
546 134 1102434591
929 935 1102434994
29 650 1102441852
87 483 1102442375
87 483 1102442641
65 483 1102443438
447 483 1102445868
58 5 1102452857
116 129 1102456351
929 935 1102510544
791 3 1102513524
508 14 1102520545
508 930 1102529466
58 127 1102531682
508 930 1102534874
930 70 1102546094
930 70 1102546256
508 930 1102547074
930 70 1102549141
929 935 1102596792
508 698 1102605603
930 70 1102618393
930 70 1102623961
930 70 1102625276
7 194 1102632271
518 434 1102634950
930 70 1102649059
220 18 1102661770
421 116 1102664476
43 799 1102667935
43 799 1102667957
43 799 1102667980
914 291 1102668020
87 483 1102668726
87 483 1102668758
935 20 1102669096
62 96 1102669579
508 493 1102669685
247 45 1102670072
508 14 1102670282
572 497 1102670399
408 48 1102671106
408 358 1102671307
167 535 1102671553
408 24 1102671616
76 340 1102671796
220 18 1102671840
232 202 1102671877
86 318 1102672088
247 498 1102672111
454 897 1102672654
732 799 1102672667
54 184 1102672751
946 5 1102672985
167 410 1102673045
698 875 1102673782
791 253 1102674171
508 930 1102674206
201 758 1102674285
508 930 1102674433
508 930 1102674907
910 339 1102675459
508 930 1102675520
938 610 1102675716
938 545 1102675929
929 935 1102676717
66 429 1102676845
94 302 1102677008
122 339 1102677536
201 758 1102677542
372 171 1102678134
213 254 1102678576
213 473 1102679340
938 237 1102679554
132 306 1102679670
29 931 1102680012
931 29 1102680123
635 127 1102680721
801 87 1102680750
29 931 1102680826
155 473 1102681035
801 87 1102681906
946 5 1102682126
122 216 1102682159
891 45 1102682495
946 5 1102682746
910 339 1102683111
938 159 1102683565
62 96 1102684711
946 5 1102684739
938 159 1102685087
931 302 1102685170
141 302 1102685313
946 5 1102685670
299 138 1102686022
408 24 1102686908
408 24 1102687069
408 24 1102687226
929 935 1102687287
929 935 1102688148
122 216 1102688229
939 30 1102688377
949 799 1102688470
94 302 1102688566
925 182 1102688976
938 235 1102689153
949 88 1102689408
949 88 1102689442
517 932 1102689889
3 946 1102690031
508 930 1102690034
66 429 1102690185
306 859 1102690188
247 45 1102690269
46 212 1102690339
494 171 1102690778
88 209 1102691487
494 171 1102691643
494 171 1102692163
306 859 1102693492
938 545 1102693590
494 171 1102693679
938 545 1102693790
216 82 1102694012
306 859 1102694509
62 96 1102694935
62 96 1102695161
306 859 1102695820
879 437 1102696079
467 224 1102697492
163 467 1102699041
7 194 1102707197
914 291 1102708860
914 291 1102709884
3 946 1102713549
875 5 1102720187
602 457 1102722974
314 296 1102753853
77 140 1102754287
261 94 1102754298
879 437 1102754984
94 41 1102755455
106 82 1102755612
900 341 1102755959
189 171 1102756148
938 211 1102757050
163 288 1102757314
62 96 1102757712
938 244 1102758065
508 930 1102758159
393 928 1102758243
929 935 1102758949
791 253 1102760063
194 56 1102760227
178 322 1102760442
910 334 1102760615
698 875 1102760647
908 236 1102761142
194 56 1102761363
43 281 1102761512
43 20 1102761655
213 254 1102761731
698 875 1102761738
108 223 1102762165
181 143 1102762558
938 210 1102763013
3 946 1102763291
946 5 1102763316
493 680 1102763342
938 210 1102763642
220 219 1102764693
938 904 1102765085
243 938 1102765090
938 236 1102765093
938 211 1102765094
938 244 1102765095
938 245 1102765146
938 905 1102765153
938 241 1102765425
938 242 1102765437
938 235 1102765438
938 237 1102765444
797 340 1102765968
178 322 1102766114
938 237 1102766982
306 859 1102767309
938 237 1102767794
938 210 1102768024
938 143 1102768160
532 739 1102768372
334 106 1102768759
928 18 1102768804
908 237 1102769058
75 153 1102769221
43 281 1102769377
306 859 1102769416
925 182 1102769532
925 322 1102769764
938 245 1102770008
201 758 1102770031
938 108 1102770730
201 758 1102770750
416 493 1102771439
938 245 1102771472
43 281 1102771765
201 758 1102772088
416 493 1102772139
910 282 1102772169
81 395 1102772416
12 784 1102772481
505 12 1102772876
505 12 1102772959
910 87 1102773315
94 302 1102773397
14 372 1102773937
505 12 1102774370
508 930 1102775046
819 87 1102775063
201 758 1102775188
43 20 1102775298
324 85 1102775589
949 896 1102775835
75 153 1102775877
201 758 1102776049
7 194 1102776083
97 902 1102776406
334 106 1102777356
13 935 1102778373
253 545 1102778490
819 87 1102778539
75 153 1102778918
191 330 1102778956
115 951 1102779384
929 361 1102779728
459 226 1102781576
494 171 1102782271
494 171 1102782601
66 93 1102783063
914 801 1102783124
66 93 1102783360
910 108 1102784415
66 429 1102785014
108 838 1102786069
508 930 1102788153
908 237 1102789442
210 597 1102803636
210 597 1102803695
494 171 1102809037
508 930 1102812771
508 930 1102812949
94 41 1102835951
934 911 1102839027
508 539 1102839130
930 539 1102839255
508 930 1102839406
23 156 1102839991
914 291 1102840910
23 156 1102840956
43 281 1102841663
23 156 1102842404
75 229 1102842419
219 224 1102842709
892 469 1102843237
639 84 1102843465
372 171 1102844120
408 141 1102844361
219 224 1102844378
408 40 1102844587
219 224 1102845151
88 209 1102845188
14 372 1102846585
14 372 1102846942
359 12 1102847445
372 171 1102847587
426 928 1102847981
114 951 1102848173
87 483 1102848273
87 483 1102848531
376 115 1102848599
917 571 1102848874
372 171 1102849097
28 49 1102849196
55 175 1102849280
55 175 1102849917
244 88 1102850590
88 209 1102851109
122 519 1102851438
181 255 1102851957
77 140 1102852242
306 859 1102852519
77 140 1102852989
799 444 1102853859
938 908 1102854041
223 302 1102854454
835 84 1102854509
789 223 1102855089
917 571 1102855723
946 5 1102855939
201 758 1102856218
789 223 1102856591
910 282 1102856697
359 12 1102856739
934 12 1102856741
201 758 1102856956
494 171 1102857145
917 571 1102857200
929 935 1102859088
201 758 1102859780
910 99 1102859982
12 784 1102860599
879 892 1102862618
914 291 1102862911
87 237 1102862976
83 545 1102863187
395 81 1102863348
156 188 1102864880
87 483 1102865809
938 210 1102866053
938 210 1102867283
938 211 1102867361
445 302 1102867589
938 210 1102867821
87 483 1102867822
494 171 1102867879
930 539 1102867938
16 911 1102868798
122 838 1102873056
291 212 1102873086
899 908 1102875127
797 340 1102877108
935 695 1102896812
13 935 1102900038
261 94 1102921925
938 244 1102925455
879 839 1102926828
66 295 1102927151
94 463 1102927237
130 561 1102928409
94 463 1102928425
130 561 1102928492
694 562 1102928572
132 3 1102929285
156 368 1102930759
797 340 1102930806
910 334 1102930817
300 545 1102931377
910 99 1102931650
148 156 1102931989
909 6 1102932442
116 129 1102932857
140 911 1102932893
930 539 1102932922
797 340 1102934247
184 212 1102934405
938 244 1102934982
938 244 1102935201
291 212 1102935424
291 212 1102935469
148 156 1102935650
372 171 1102935888
393 85 1102935975
393 85 1102936237
372 171 1102936476
289 219 1102936596
292 541 1102936797
292 541 1102936888
791 253 1102937218
472 494 1102938157
328 923 1102938166
108 79 1102938282
237 108 1102939069
87 219 1102939840
87 219 1102940142
237 108 1102940317
140 911 1102941012
797 340 1102941847
797 340 1102942236
243 97 1102943137
87 219 1102944956
930 539 1102946287
132 209 1102946321
698 930 1102946907
165 138 1102948135
133 597 1102948272
698 930 1102948466
788 927 1102948487
930 539 1102948498
508 930 1102948944
307 367 1102949284
133 597 1102949425
307 367 1102949458
698 930 1102950454
132 3 1102950956
161 250 1102951380
938 210 1102951464
899 908 1102951516
418 171 1102951965
161 250 1102951973
343 18 1102952731
492 343 1102952809
343 42 1102952867
161 250 1102953184
201 758 1102953318
132 3 1102954750
75 153 1102955036
328 923 1102955799
418 171 1102955854
132 3 1102955871
910 108 1102956848
910 87 1102956928
195 212 1102956975
909 6 1102959582
262 6 1102969846
253 196 1102982484
53 706 1102983023
220 18 1103009636
508 930 1103009907
261 94 1103009913
75 153 1103010200
75 153 1103010510
459 301 1103011031
109 94 1103011194
508 930 1103012156
595 108 1103012865
934 12 1103012903
148 156 1103013241
934 911 1103013241
148 156 1103013430
879 437 1103013761
879 437 1103013836
595 108 1103014721
938 904 1103015028
40 115 1103015062
148 156 1103015124
148 156 1103016071
925 322 1103016500
40 115 1103016688
286 927 1103017049
312 107 1103017215
312 107 1103017348
421 116 1103019044
421 24 1103019072
508 930 1103019095
426 421 1103019102
421 334 1103019139
247 420 1103019192
343 130 1103020080
393 343 1103020189
50 153 1103020595
163 213 1103021651
213 163 1103021890
891 8 1103022331
108 838 1103023872
949 129 1103024086
927 212 1103024344
835 524 1103024409
835 747 1103024488
797 340 1103024767
879 437 1103025264
261 94 1103026020
87 520 1103026181
220 18 1103026697
493 269 1103027162
493 269 1103027182
479 660 1103027446
166 493 1103028097
479 660 1103030076
955 6 1103030329
508 930 1103030568
503 509 1103031133
595 108 1103031195
900 801 1103032392
90 911 1103032723
122 838 1103032740
928 261 1103033212
595 108 1103033476
543 169 1103034498
161 223 1103034803
148 343 1103036638
925 322 1103036684
116 862 1103039881
122 838 1103040736
938 210 1103040743
116 862 1103040946
161 250 1103041149
122 838 1103041259
257 134 1103041263
955 6 1103042302
956 951 1103042789
194 56 1103045176
698 273 1103047412
826 900 1103048570
98 355 1103051928
53 706 1103052230
53 706 1103058456
194 56 1103062128
494 638 1103062234
53 706 1103063780
53 706 1103099889
212 330 1103109286
64 284 1103228566
327 389 1103270063
213 163 1103270177
185 20 1103270275
590 101 1103271219
220 18 1103271406
508 493 1103271478
185 20 1103272074
879 839 1103273416
220 18 1103274050
938 210 1103274521
87 520 1103276419
220 18 1103277040
87 520 1103277859
373 493 1103278049
88 209 1103278767
429 87 1103279063
934 911 1103279183
266 935 1103279228
650 469 1103279316
114 951 1103279745
253 805 1103279895
650 469 1103280332
304 902 1103280650
493 269 1103280713
510 540 1103280848
949 896 1103281036
493 269 1103281174
210 597 1103281554
315 419 1103282087
540 156 1103283939
243 952 1103284396
508 300 1103284495
579 472 1103284497
156 540 1103284650
928 65 1103284999
202 184 1103285071
170 530 1103285329
929 935 1103287113
253 859 1103287450
330 212 1103287576
479 143 1103287612
336 907 1103287892
510 927 1103287983
166 49 1103288802
927 212 1103288908
89 138 1103289323
927 212 1103290053
116 862 1103290055
13 214 1103290065
420 645 1103290608
377 296 1103290735
879 437 1103292331
170 530 1103292389
319 6 1103292449
170 530 1103292808
879 437 1103293203
914 291 1103293312
927 212 1103293493
125 143 1103293517
928 293 1103293555
525 45 1103293844
125 143 1103294110
125 143 1103294346
264 951 1103294383
410 216 1103294427
264 951 1103294622
125 143 1103294662
788 927 1103294809
264 951 1103294878
957 138 1103295232
336 907 1103295707
410 216 1103295997
166 94 1103296309
161 250 1103297249
166 94 1103298663
147 86 1103298730
147 86 1103298868
184 212 1103299249
184 212 1103299608
184 212 1103299893
47 257 1103300131
177 182 1103300556
201 758 1103300627
37 115 1103300790
202 184 1103301723
689 12 1103302309
927 212 1103302760
688 12 1103302774
410 216 1103304911
108 437 1103304938
437 108 1103305241
927 212 1103306089
319 6 1103306543
257 134 1103306713
184 212 1103309477
236 6 1103315256
419 117 1103319976
221 69 1103357287
257 134 1103357766
689 935 1103358009
508 930 1103358122
403 423 1103360093
108 437 1103360495
472 579 1103360752
437 108 1103360939
220 18 1103361135
106 45 1103361537
403 423 1103361749
88 209 1103362027
938 108 1103362066
403 423 1103362167
161 250 1103362372
200 418 1103362387
508 930 1103362623
87 56 1103362813
220 18 1103363010
266 935 1103363016
437 108 1103363537
319 6 1103363942
931 41 1103364209
491 669 1103364293
426 955 1103364562
166 49 1103365046
508 930 1103365167
508 930 1103365219
408 372 1103366999
788 161 1103367066
512 517 1103367840
87 219 1103368104
508 930 1103368106
600 12 1103368489
508 930 1103368709
925 182 1103369466
494 171 1103369677
925 61 1103369740
78 928 1103370206
108 437 1103370890
334 212 1103371484
472 257 1103371750
472 579 1103371868
788 161 1103373175
152 24 1103373414
879 839 1103373514
938 108 1103373794
442 951 1103373824
938 159 1103374173
419 61 1103374748
819 87 1103375348
14 237 1103375844
14 519 1103375922
831 19 1103375980
540 250 1103376398
910 334 1103376400
87 56 1103376622
819 87 1103376824
262 955 1103377019
819 87 1103377060
295 542 1103377374
87 95 1103377389
938 302 1103378149
508 288 1103378172
508 930 1103378349
934 911 1103378427
351 830 1103378588
938 302 1103378750
319 6 1103378956
938 302 1103379006
220 18 1103379115
508 930 1103379731
494 171 1103379933
938 302 1103381082
910 334 1103381355
494 171 1103381767
879 437 1103381781
336 907 1103382221
393 928 1103382385
908 302 1103382527
494 171 1103383088
910 334 1103385278
39 588 1103385925
494 171 1103387695
910 116 1103388462
910 116 1103388973
116 862 1103390027
648 512 1103391013
14 272 1103391728
805 838 1103392225
805 838 1103395213
805 838 1103395352
494 171 1103398832
508 930 1103412114
9 802 1103440793
220 18 1103440836
334 951 1103441886
14 272 1103442033
908 302 1103443859
938 302 1103443986
508 930 1103444176
270 512 1103444633
458 463 1103444724
109 94 1103444740
949 896 1103445683
546 134 1103445824
938 211 1103445942
132 551 1103446169
125 512 1103446211
426 213 1103446228
955 65 1103447284
9 802 1103447602
931 27 1103447892
879 437 1103448553
879 437 1103448704
147 161 1103448803
9 802 1103449285
43 84 1103449851
393 421 1103450004
10 802 1103450175
86 318 1103450218
86 318 1103450229
253 859 1103451402
13 451 1103451755
508 930 1103452338
47 341 1103453332
202 184 1103453815
157 886 1103454287
938 84 1103454323
938 211 1103455914
492 292 1103456037
492 292 1103456094
938 211 1103456139
287 253 1103456346
503 184 1103457176
938 84 1103457273
879 839 1103457429
934 12 1103457595
934 12 1103457710
791 283 1103457799
613 458 1103457814
220 18 1103457964
208 184 1103458000
938 159 1103458018
938 84 1103458055
60 791 1103458563
3 946 1103458743
81 395 1103459016
4 946 1103459057
257 29 1103459925
60 791 1103460258
306 859 1103460288
904 159 1103460416
75 739 1103460551
6 461 1103460835
938 108 1103460940
421 799 1103461144
494 171 1103461173
43 20 1103461385
363 545 1103461426
938 159 1103461535
47 791 1103461750
931 27 1103462254
64 244 1103463456
132 306 1103463566
43 20 1103463701
791 283 1103463910
132 551 1103464154
184 202 1103464496
43 20 1103464769
19 183 1103464786
132 551 1103464924
19 183 1103465160
910 108 1103465207
605 433 1103465579
605 433 1103465592
202 184 1103465640
605 433 1103465684
605 433 1103465707
605 433 1103465742
605 433 1103465814
132 306 1103465830
605 433 1103465845
605 433 1103465977
605 433 1103465983
605 433 1103466145
494 171 1103466319
890 747 1103466898
904 235 1103466979
494 171 1103467142
351 830 1103467412
494 171 1103467734
508 930 1103467877
545 45 1103467933
896 95 1103468166
494 171 1103468245
791 283 1103468299
879 437 1103468424
879 437 1103468440
132 306 1103468499
910 334 1103468695
904 235 1103468847
87 483 1103468903
368 33 1103469278
494 171 1103469447
929 935 1103469524
6 461 1103469683
14 169 1103469999
87 483 1103470312
87 483 1103470797
87 483 1103470883
153 610 1103471590
879 437 1103472026
87 483 1103472218
879 437 1103472241
546 134 1103474094
184 202 1103474881
547 605 1103474925
910 87 1103474957
7 253 1103476619
178 232 1103477750
29 21 1103479496
178 232 1103479995
115 951 1103480890
512 22 1103482136
264 951 1103525882
512 22 1103527809
261 94 1103529280
25 939 1103530542
547 605 1103530661
879 437 1103531894
494 171 1103532306
494 171 1103532445
433 138 1103533243
419 117 1103533882
879 437 1103533889
315 419 1103533957
382 676 1103534661
220 18 1103534670
315 419 1103535004
730 512 1103536008
625 512 1103536025
306 859 1103536233
60 791 1103538128
60 791 1103538419
901 804 1103539008
454 951 1103539571
87 219 1103539850
173 181 1103539983
908 302 1103540212
60 791 1103540317
206 497 1103540573
819 87 1103541013
896 493 1103542132
60 791 1103542596
411 946 1103542671
910 87 1103542755
31 708 1103542766
472 107 1103543503
429 87 1103543514
161 276 1103543636
472 107 1103543785
472 107 1103543903
508 930 1103543945
43 65 1103544952
698 875 1103545108
29 21 1103546783
446 911 1103547057
58 272 1103547171
446 911 1103547403
66 87 1103547966
60 791 1103548399
907 911 1103549027
152 24 1103549260
301 284 1103549370
454 951 1103551039
261 94 1103551052
319 951 1103551168
34 588 1103551438
60 791 1103551585
433 138 1103551764
698 875 1103551862
472 107 1103552386
60 791 1103552388
904 235 1103552579
60 791 1103552649
491 108 1103553907
904 235 1103553908
508 930 1103554292
508 930 1103554990
261 94 1103555556
261 94 1103555709
938 211 1103557319
87 483 1103558451
492 292 1103558765
472 107 1103558767
879 454 1103558835
934 12 1103560192
10 747 1103560532
907 270 1103560765
270 907 1103560875
907 270 1103561088
899 908 1103561285
899 908 1103561469
899 908 1103561814
899 908 1103561918
899 908 1103562015
900 341 1103562035
152 24 1103562900
166 35 1103563069
319 956 1103565756
87 483 1103566080
508 261 1103573651
4 324 1103579392
7 276 1103579451
147 161 1103611015
508 261 1103613136
905 238 1103614888
730 512 1103615238
508 261 1103615930
14 519 1103616467
938 905 1103616590
109 94 1103616721
87 483 1103617146
504 654 1103617303
504 654 1103617332
819 87 1103617828
895 41 1103618349
60 791 1103618504
4 324 1103618549
949 95 1103618605
213 254 1103618669
60 791 1103618946
650 469 1103619545
910 108 1103619847
909 904 1103619854
938 143 1103619930
819 87 1103620401
60 791 1103620488
75 739 1103620719
14 519 1103620835
938 905 1103620938
572 87 1103621091
132 253 1103621178
319 951 1103621631
264 951 1103621862
555 281 1103622030
595 108 1103622935
879 437 1103623015
132 253 1103623039
336 907 1103623427
492 888 1103623576
938 904 1103623866
336 907 1103624096
663 107 1103624360
65 52 1103625122
65 52 1103625782
336 907 1103626259
600 12 1103626352
65 52 1103626623
336 907 1103626689
336 907 1103626915
87 747 1103627018
319 951 1103627186
949 95 1103627362
442 546 1103627607
200 198 1103627636
899 908 1103628101
67 216 1103628268
472 107 1103628501
87 747 1103628527
505 12 1103628742
600 12 1103628807
132 213 1103629057
879 437 1103629207
938 211 1103629599
909 904 1103629757
416 951 1103629848
879 839 1103630171
493 269 1103630239
87 152 1103630248
161 256 1103630372
301 188 1103630692
4 946 1103631253
159 905 1103632034
799 444 1103632092
472 107 1103632392
472 107 1103632953
899 908 1103632988
279 293 1103633067
472 107 1103633257
472 107 1103633439
213 254 1103633728
220 18 1103633923
494 171 1103634133
480 5 1103634489
334 951 1103634901
161 256 1103634925
494 171 1103635150
155 115 1103635981
152 24 1103636175
163 161 1103636835
494 171 1103636849
263 302 1103636850
263 302 1103637567
152 24 1103637569
161 256 1103637744
334 951 1103637775
910 311 1103638417
306 859 1103639038
60 791 1103639119
133 195 1103639196
509 524 1103639259
934 12 1103639356
799 444 1103639694
132 253 1103639896
388 284 1103640019
799 444 1103640319
909 904 1103640363
132 253 1103640611
152 24 1103640730
301 188 1103640989
605 171 1103641147
480 5 1103641208
161 276 1103642717
493 269 1103644264
935 142 1103644266
929 142 1103644436
497 591 1103644597
494 171 1103645121
493 269 1103645176
497 747 1103645211
494 171 1103645321
494 171 1103645513
494 171 1103646158
301 188 1103646478
494 171 1103646963
14 272 1103648777
694 562 1103650275
169 483 1103650505
494 171 1103652353
7 212 1103652957
695 524 1103655251
133 195 1103662511
333 45 1103736376
169 483 1103801059
565 440 1103817682
934 12 1103824233
508 930 1103833250
508 930 1103833536
7 4 1103834578
264 951 1103870365
710 758 1103871245
758 260 1103871288
220 18 1103871518
261 94 1103872267
261 94 1103872388
213 254 1103875637
426 213 1103875784
799 155 1103876654
958 114 1103877772
114 951 1103877811
587 156 1103878028
513 473 1103878458
301 188 1103879325
326 477 1103879485
147 369 1103880160
147 369 1103880241
758 260 1103880306
301 188 1103880326
286 132 1103880482
497 239 1103881863
908 237 1103882270
799 155 1103882444
938 235 1103882634
938 242 1103882833
938 210 1103883123
376 302 1103883162
938 237 1103883293
938 237 1103883293
479 417 1103883494
60 791 1103883850
938 237 1103884124
403 146 1103884183
132 253 1103884378
497 591 1103884592
376 302 1103884855
2 369 1103885043
879 437 1103885076
480 5 1103885251
879 437 1103885288
213 910 1103885390
910 311 1103885433
897 41 1103885770
169 483 1103886060
403 146 1103886130
938 210 1103886150
497 747 1103886422
605 171 1103886448
497 591 1103886459
301 188 1103886895
505 12 1103887131
497 900 1103887254
897 41 1103887714
426 213 1103888088
86 318 1103888675
7 127 1103889044
938 403 1103889318
938 403 1103889537
799 155 1103890267
497 747 1103891308
949 129 1103892163
454 903 1103892438
166 454 1103892481
454 120 1103892541
454 795 1103892832
454 892 1103893028
454 36 1103893044
334 212 1103893400
910 155 1103893623
491 155 1103893847
351 830 1103894275
928 334 1103894564
201 758 1103894741
910 255 1103895283
826 546 1103895327
663 107 1103895553
910 311 1103895604
910 311 1103897340
503 498 1103897616
60 791 1103897736
454 892 1103897815
312 884 1103898275
60 791 1103898372
60 791 1103898551
826 546 1103898697
908 237 1103898837
60 791 1103899313
892 839 1103899328
220 18 1103899362
378 545 1103899529
60 791 1103899540
168 482 1103899862
472 106 1103899879
910 311 1103900717
66 281 1103901372
819 65 1103901420
819 65 1103901516
312 298 1103902318
312 249 1103902326
312 74 1103902339
819 65 1103902366
938 210 1103902781
346 157 1103903414
470 171 1103903484
938 210 1103903535
378 545 1103904207
921 296 1103904379
301 188 1103904394
58 927 1103904396
301 188 1103904568
60 946 1103904691
572 87 1103904889
946 5 1103905456
946 5 1103907288
908 662 1103907549
58 927 1103907644
333 528 1103910317
168 482 1103910809
333 528 1103911240
153 272 1103911296
277 400 1103914609
419 407 1103915629
3 946 1103919443
946 5 1103919483
4 946 1103919505
411 946 1103919534
411 946 1103930761
7 127 1103941412
220 18 1103957665
928 261 1103959216
261 94 1103959288
153 272 1103959407
153 272 1103959473
185 22 1103960820
94 918 1103962191
301 188 1103962604
497 239 1103963371
426 41 1103964092
281 439 1103965252
613 512 1103965535
6 134 1103965789
152 33 1103965890
934 911 1103966377
505 12 1103966433
897 114 1103966649
934 911 1103966672
512 458 1103967770
949 895 1103967908
508 512 1103967962
441 171 1103968092
60 791 1103968146
60 791 1103968260
34 588 1103968349
152 33 1103968635
512 517 1103968919
60 791 1103968920
152 33 1103969264
791 3 1103969693
508 512 1103969868
600 12 1103969884
559 900 1103970276
281 439 1103970404
65 233 1103971078
419 407 1103971427
301 188 1103972020
301 188 1103972108
301 188 1103972218
301 188 1103972295
938 210 1103972482
166 40 1103972851
89 143 1103972938
153 272 1103973282
938 210 1103973357
93 239 1103973711
419 407 1103973928
887 801 1103974179
14 184 1103974287
887 801 1103974497
925 61 1103974653
938 210 1103974659
136 6 1103974855
698 875 1103975290
938 236 1103975644
97 902 1103977165
554 835 1103977538
470 171 1103977699
791 3 1103977713
301 188 1103977760
641 350 1103978318
938 236 1103978587
447 493 1103979019
935 20 1103979897
264 951 1103980007
458 45 1103980710
4 324 1103980892
698 417 1103981620
4 324 1103981681
559 900 1103981701
83 153 1103981980
132 55 1103982042
301 188 1103982336
132 55 1103982457
301 188 1103983498
378 545 1103983514
879 41 1103983627
490 171 1103983731
490 171 1103983939
378 545 1103984062
83 153 1103984940
879 839 1103985163
879 839 1103985250
58 272 1103985456
879 839 1103985517
307 477 1103986228
334 155 1103986353
938 235 1103986654
307 477 1103986670
132 687 1103987694
419 407 1103988044
132 687 1103988073
904 938 1103988211
490 171 1103988825
286 132 1103989508
600 12 1103989630
301 188 1103989852
698 875 1103990383
938 245 1103990872
819 169 1103992499
132 56 1103992685
136 6 1103994482
497 62 1103995303
301 188 1103995496
108 838 1103995842
314 224 1103996113
819 87 1103996242
201 758 1103996721
287 838 1103997399
264 956 1103999168
136 6 1104001234
169 483 1104005224
6 134 1104028378
556 6 1104028470
444 6 1104028530
579 6 1104028605
309 6 1104028686
847 6 1104028878
419 407 1104032713
904 235 1104047306
904 235 1104047320
419 6 1104047523
470 171 1104048031
698 875 1104049396
698 417 1104049717
826 546 1104050069
199 65 1104051094
420 458 1104051702
835 659 1104051827
572 87 1104052088
479 549 1104052120
264 956 1104052813
107 155 1104053001
416 951 1104054684
416 903 1104054875
255 122 1104054894
819 169 1104054920
899 908 1104055630
932 88 1104055927
938 904 1104056014
512 458 1104056220
908 244 1104056890
6 134 1104057055
508 512 1104057056
304 875 1104057497
441 246 1104057824
153 129 1104058137
126 16 1104059732
163 838 1104060427
938 108 1104060772
160 241 1104061098
221 219 1104061232
65 52 1104061764
160 241 1104061813
465 232 1104062338
132 610 1104062718
306 859 1104063309
109 302 1104063467
109 302 1104063579
93 456 1104063990
480 927 1104065734
160 938 1104065762
43 373 1104066396
137 97 1104066415
497 591 1104066809
132 56 1104067450
132 551 1104067510
60 791 1104067570
93 106 1104067723
60 838 1104068010
442 546 1104068638
442 546 1104068694
442 546 1104068745
64 272 1104068775
465 232 1104068854
819 169 1104068913
64 272 1104069274
161 483 1104069612
161 483 1104069680
60 791 1104069818
132 551 1104070072
932 88 1104070122
201 758 1104070555
419 139 1104070601
835 359 1104070788
64 272 1104071425
465 232 1104071853
253 139 1104071986
935 142 1104072145
929 142 1104072153
465 232 1104072283
835 359 1104072501
161 93 1104072596
93 106 1104072852
161 93 1104072944
60 791 1104073851
929 142 1104074110
124 340 1104074242
408 40 1104074601
122 164 1104076056
938 210 1104076102
452 605 1104076120
938 210 1104076413
819 87 1104076907
879 437 1104077113
301 188 1104077234
819 87 1104077755
301 188 1104077889
369 875 1104078027
301 188 1104078394
938 210 1104078421
879 437 1104078747
266 935 1104078901
60 791 1104079299
935 142 1104079539
544 184 1104080029
163 838 1104082551
899 908 1104083792
938 108 1104084270
264 951 1104084379
264 951 1104084680
899 908 1104085087
458 296 1104085933
544 184 1104086435
791 127 1104106001
12 20 1104132154
301 188 1104132276
272 46 1104132519
938 108 1104134776
458 296 1104135418
65 52 1104135501
11 330 1104135592
549 660 1104136739
161 412 1104136806
508 930 1104137191
155 932 1104138059
139 302 1104138524
826 546 1104138572
791 127 1104138627
938 159 1104139497
60 791 1104139557
169 302 1104139604
508 184 1104139932
879 437 1104140233
935 695 1104140478
874 115 1104140600
879 437 1104140781
879 437 1104141218
334 951 1104141400
879 437 1104141524
312 298 1104142620
334 956 1104142944
161 412 1104143233
129 88 1104143410
334 956 1104143743
895 41 1104144268
87 20 1104144746
508 930 1104145009
122 164 1104145012
935 695 1104145386
908 244 1104145418
64 272 1104145518
3 433 1104146121
826 546 1104146221
13 802 1104146248
262 87 1104146439
122 164 1104146440
410 164 1104146736
143 272 1104146996
410 164 1104147250
64 272 1104147677
243 905 1104147788
297 493 1104150469
14 799 1104151265
791 127 1104151789
508 184 1104152123
43 373 1104152862
508 184 1104153058
595 545 1104153367
938 237 1104155155
167 410 1104155585
215 233 1104156211
215 233 1104156809
215 233 1104157011
575 233 1104157047
215 233 1104157163
215 233 1104157190
590 101 1104157508
270 108 1104159579
938 237 1104160032
890 498 1104160901
7 233 1104161060
449 233 1104161081
959 154 1104161202
913 101 1104162674
913 101 1104162788
410 97 1104162947
938 237 1104163648
879 437 1104164183
879 437 1104164289
60 287 1104169227
101 52 1104169328
101 52 1104170106
907 16 1104174930
907 16 1104178328
791 127 1104191636
508 930 1104194131
7 233 1104213223
261 94 1104217115
312 298 1104217784
7 253 1104218909
163 838 1104220281
34 40 1104220609
301 188 1104221137
64 946 1104221598
938 210 1104222568
508 930 1104223423
11 330 1104223623
572 87 1104223806
410 164 1104224034
60 791 1104224229
270 108 1104224475
334 951 1104224710
60 791 1104224759
879 41 1104224935
891 934 1104225155
891 934 1104225347
934 911 1104225816
332 45 1104225939
108 932 1104225942
508 11 1104226732
334 951 1104226818
60 791 1104226885
60 791 1104227028
101 52 1104227332
4 946 1104228081
410 927 1104228132
286 132 1104228228
154 512 1104228780
410 927 1104228915
905 238 1104228930
60 791 1104229089
819 65 1104229407
269 548 1104229605
510 927 1104229790
605 129 1104229805
201 758 1104229905
60 791 1104230257
472 88 1104230361
938 210 1104230450
938 210 1104230892
332 835 1104231182
201 758 1104231432
301 188 1104231805
66 295 1104231877
410 97 1104232067
295 542 1104232251
472 88 1104232356
201 758 1104232503
910 543 1104232989
213 65 1104233538
7 233 1104233621
472 88 1104234107
132 56 1104234925
139 302 1104235060
306 859 1104235095
295 542 1104235104
579 311 1104235528
938 211 1104236494
452 605 1104236557
879 437 1104236708
306 859 1104236873
175 253 1104237757
201 758 1104237938
559 143 1104238016
366 330 1104238141
301 188 1104238363
14 955 1104239240
161 667 1104239489
938 211 1104240092
909 904 1104240178
133 302 1104240371
60 287 1104240396
788 838 1104240637
938 84 1104240644
408 198 1104240741
408 456 1104240818
14 955 1104240856
14 955 1104241107
253 175 1104241491
938 908 1104241702
938 908 1104242050
98 6 1104242439
201 758 1104243337
58 5 1104243515
938 908 1104243589
58 5 1104243639
98 6 1104244233
799 641 1104244301
29 27 1104244891
7 561 1104244896
508 930 1104244935
29 27 1104245055
163 182 1104245362
938 84 1104245766
7 233 1104246156
892 171 1104246159
201 758 1104246389
7 561 1104246609
205 142 1104246822
54 419 1104247563
201 758 1104247870
201 758 1104249510
201 758 1104249783
579 851 1104250049
201 758 1104250153
938 838 1104252369
133 302 1104256595
133 302 1104257302
60 287 1104259659
60 791 1104259740
60 791 1104259775
253 675 1104260110
7 561 1104263958
199 65 1104309080
199 65 1104309246
147 86 1104311739
7 127 1104343248
891 934 1104414549
891 934 1104414615
29 27 1104419592
4 324 1104455442
261 94 1104477218
220 18 1104477584
938 210 1104480330
315 419 1104480462
904 235 1104480578
4 324 1104481757
538 493 1104482296
403 517 1104483595
904 235 1104483919
510 927 1104484629
75 153 1104484699
932 88 1104485504
472 94 1104485849
932 88 1104485869
220 18 1104485878
217 302 1104485898
938 237 1104485977
14 240 1104486015
140 911 1104486027
334 951 1104486608
140 911 1104486631
3 272 1104487013
132 927 1104487300
156 334 1104487341
4 324 1104488058
4 946 1104488547
132 927 1104488565
900 341 1104488738
909 241 1104488778
67 512 1104488892
900 80 1104489620
909 295 1104489782
161 439 1104489914
465 232 1104490169
909 241 1104490241
713 108 1104490762
650 469 1104490962
272 517 1104490986
286 132 1104491155
900 281 1104491493
732 799 1104491971
933 591 1104492167
933 591 1104492194
933 591 1104492230
4 946 1104492595
334 951 1104492695
116 153 1104493256
75 153 1104493280
75 153 1104493502
334 951 1104493738
395 65 1104493797
426 928 1104494249
220 18 1104494810
938 640 1104495017
900 341 1104495246
4 946 1104496164
37 87 1104497009
160 161 1104497174
217 302 1104497210
900 341 1104497733
160 161 1104498335
900 341 1104498707
508 930 1104498710
4 946 1104498762
900 498 1104498869
497 591 1104499375
299 548 1104499660
508 930 1104499991
14 169 1104500760
819 87 1104501265
418 171 1104501714
3 272 1104501770
181 799 1104503335
892 171 1104503460
895 52 1104503764
165 274 1104504124
220 18 1104504359
879 437 1104504418
395 65 1104504446
43 20 1104504596
43 20 1104505097
929 659 1104505700
301 188 1104506339
301 188 1104506538
910 253 1104506585
910 129 1104508174
929 142 1104508339
494 171 1104508672
929 142 1104509050
929 142 1104509247
301 188 1104509273
910 129 1104509460
886 378 1104509639
910 356 1104509654
910 154 1104511413
879 437 1104515961
116 862 1104518608
116 862 1104522023
494 171 1104522098
395 65 1104529598
494 171 1104530192
879 437 1104535130
895 52 1104558102
132 687 1104559745
261 94 1104562359
156 99 1104564683
799 155 1104566698
156 99 1104566958
156 99 1104567571
895 52 1104567805
219 224 1104567878
508 930 1104568464
508 260 1104568522
494 171 1104568543
418 171 1104568915
410 97 1104569514
410 97 1104569720
799 155 1104569844
43 20 1104570146
156 45 1104570781
879 839 1104571268
959 334 1104571312
904 938 1104571424
421 334 1104571570
508 930 1104571811
43 20 1104571877
900 934 1104571987
334 155 1104572712
408 757 1104573430
508 930 1104573619
508 930 1104573809
14 358 1104573996
43 20 1104574067
31 338 1104575543
315 419 1104577058
173 799 1104577079
910 108 1104577392
508 930 1104577569
201 758 1104578588
421 334 1104579121
43 20 1104579161
938 211 1104579901
219 224 1104580003
879 252 1104580378
491 928 1104580737
910 108 1104580884
43 20 1104581082
938 143 1104581488
915 637 1104581544
116 862 1104582055
910 154 1104583040
328 923 1104583056
328 923 1104583447
130 162 1104583692
928 18 1104583791
130 162 1104583916
60 791 1104583956
328 923 1104584078
328 923 1104584664
517 18 1104584829
116 953 1104584882
328 923 1104585157
43 20 1104585177
328 923 1104585233
508 930 1104585469
315 419 1104587129
60 865 1104587314
156 45 1104587489
161 389 1104587570
508 930 1104587667
508 930 1104587801
517 932 1104587894
494 155 1104587963
910 575 1104588613
910 449 1104588655
510 927 1104588812
788 927 1104588966
459 489 1104589530
938 143 1104589955
938 143 1104590038
788 927 1104590159
60 865 1104590609
164 21 1104590771
909 241 1104590878
459 489 1104592127
938 237 1104592609
367 682 1104593106
250 330 1104593267
65 303 1104593656
910 87 1104593891
497 239 1104594796
472 334 1104594811
938 237 1104594868
