43 42 86 87 88 1064048262
163 50 72 51 85 1064052285
163 50 72 51 85 1064052313
194 195 193 3 196 1064054444
43 213 148 106 250 1064064602
166 170 29 368 115 1064069793
50 72 51 88 85 1064130781
43 42 86 87 88 1064131079
421 42 146 51 88 1064133783
163 289 234 218 85 1064142954
170 213 257 116 250 1064158636
166 170 29 368 115 1064159754
428 140 446 445 427 1064225134
43 213 148 106 250 1064239195
43 42 86 87 88 1064244513
151 104 378 369 105 1064282554
151 104 369 378 105 1064307858
50 122 72 51 85 1064309288
43 213 257 107 250 1064316737
133 253 59 49 176 1064317432
43 42 86 87 88 1064321811
83 234 122 146 545 1064322392
442 172 114 546 48 1064323178
63 366 64 115 284 1064331457
166 170 29 368 115 1064332906
60 403 59 56 57 1064333167
63 366 257 115 284 1064333483
166 170 29 368 115 1064333563
151 104 378 369 105 1064336689
63 366 257 115 284 1064339930
336 323 141 274 335 1064353791
135 87 373 432 84 1064391921
43 42 86 87 88 1064392743
63 366 257 115 284 1064392932
421 146 155 51 88 1064394070
116 97 171 303 90 1064395894
366 470 257 190 433 1064405972
50 83 72 51 85 1064408791
130 162 433 129 20 1064409052
43 213 148 106 250 1064415584
43 213 148 106 250 1064415783
581 135 341 481 520 1064418989
75 261 249 298 260 1064646952
42 146 155 51 88 1064654081
54 536 555 232 233 1064665656
50 83 122 51 85 1064667000
166 170 29 368 115 1064676207
83 122 106 84 85 1064678518
163 83 289 122 85 1064732608
50 72 51 88 85 1064735743
50 72 51 88 85 1064736602
43 213 148 106 250 1064737757
163 83 289 122 85 1064742119
71 289 72 218 432 1064743503
50 83 122 51 85 1064744482
83 122 106 84 85 1064754258
393 163 156 155 545 1064758127
421 42 146 155 88 1064831260
50 72 51 49 85 1064833282
166 170 29 368 115 1064833635
326 328 11 22 21 1064874324
326 328 11 22 21 1064874761
4 195 3 5 196 1064896514
50 72 51 88 85 1064914423
406 405 359 498 44 1064915913
75 261 249 298 399 1064931129
326 328 11 22 21 1065022469
4 195 193 3 196 1065112828
83 122 106 84 85 1065170425
50 72 51 49 85 1065176546
43 442 42 86 87 1065177483
77 254 76 41 49 1065177635
581 135 341 481 520 1065178130
163 289 234 432 85 1065180480
83 122 106 84 85 1065193910
525 390 227 15 182 1065257666
213 148 122 146 253 1065260236
83 87 373 493 84 1065262899
43 42 86 87 88 1065263101
43 213 148 106 250 1065271922
50 83 122 51 85 1065342079
83 122 87 106 84 1065342602
50 72 51 88 85 1065349003
163 289 218 432 85 1065351491
130 169 542 184 400 1065360740
63 213 257 250 284 1065363319
54 53 555 232 233 1065363953
565 568 162 569 361 1065364636
74 331 249 298 18 1065365896
77 254 76 41 49 1065370488
7 526 65 97 6 1065378766
50 72 51 49 85 1065425783
50 72 51 88 85 1065425895
43 213 257 107 250 1065431419
163 289 234 253 85 1065440228
130 169 542 184 400 1065441194
43 440 83 106 250 1065443051
83 122 87 84 85 1065443449
266 451 267 268 265 1065447723
50 72 51 49 85 1065513160
50 72 298 51 85 1065513561
100 125 403 99 637 1065517717
366 663 494 107 433 1065517896
53 555 232 62 233 1065525471
26 442 27 39 41 1065528351
50 72 51 88 85 1065536374
75 261 249 298 260 1065769415
83 122 106 84 85 1065781342
178 179 627 62 439 1065788048
178 179 627 62 439 1065788445
135 87 373 432 84 1065792206
178 179 627 62 439 1065797962
55 58 531 56 57 1065860854
428 140 446 445 427 1065879043
180 204 297 352 378 1065949421
47 16 275 273 274 1065966465
342 75 74 249 298 1065971935
63 366 363 505 45 1065982419
278 54 555 232 233 1066037620
278 53 555 232 233 1066046405
83 367 493 84 85 1066046978
54 555 232 62 233 1066049916
63 366 363 505 45 1066051307
77 254 76 41 49 1066054306
26 442 27 39 41 1066068025
63 366 363 505 45 1066072207
75 261 249 298 260 1066114433
54 53 555 232 233 1066124293
50 72 51 88 85 1066124851
326 328 11 22 21 1066125499
431 181 218 432 373 1066131340
50 72 51 88 85 1066134197
507 326 70 11 700 1066135076
421 42 155 51 88 1066137212
43 213 148 106 250 1066137936
163 289 234 432 85 1066138993
426 393 146 433 106 1066140959
50 72 51 88 85 1066149659
54 53 555 232 233 1066379409
278 53 555 232 233 1066379498
163 289 234 432 85 1066384821
167 161 87 493 84 1066404576
81 69 288 656 82 1066408253
421 146 155 51 88 1066469879
421 42 146 155 88 1066470096
163 289 234 432 85 1066472909
163 289 234 432 85 1066473544
71 163 289 218 432 1066478152
135 87 373 432 84 1066480791
163 289 234 432 85 1066485197
75 261 249 298 260 1066488031
43 42 95 96 88 1066488444
71 289 234 432 85 1066490411
26 442 27 39 41 1066552672
71 289 234 218 432 1066558591
135 87 373 432 84 1066574110
421 42 155 51 88 1066574569
54 53 555 232 233 1066577476
75 261 249 298 260 1066633478
50 72 51 49 85 1066636954
50 72 51 88 85 1066637237
393 148 146 155 106 1066648352
71 163 289 432 85 1066649986
112 109 113 110 111 1066651261
178 179 177 232 345 1066651723
342 75 74 249 298 1066654248
163 289 234 432 85 1066662757
71 163 289 432 85 1066663022
26 442 27 39 41 1066670248
26 442 27 39 41 1066671750
75 261 249 298 260 1066719179
72 51 49 88 85 1066722032
421 42 146 155 88 1066723235
166 170 29 368 115 1066731624
50 72 51 88 85 1066735503
4 3 64 5 282 1066735720
50 72 51 88 85 1066746257
421 42 146 155 88 1066748037
63 366 257 115 284 1066755675
291 567 358 357 330 1066986166
50 72 51 49 85 1066989788
77 254 76 41 49 1066989986
174 135 155 537 260 1066991581
215 83 467 19 188 1067006283
179 232 276 412 439 1067006314
326 328 11 22 21 1067021258
71 289 234 432 85 1067075865
50 72 51 49 85 1067080942
43 42 86 95 88 1067082203
326 328 11 22 21 1067088678
83 367 106 84 85 1067091268
136 252 116 137 339 1067092104
286 531 64 138 212 1067101356
291 567 358 357 330 1067104193
286 531 64 138 212 1067107316
75 261 249 298 260 1067151786
50 72 51 88 85 1067154389
50 72 51 49 85 1067161616
20 366 363 162 45 1067161940
163 83 289 122 85 1067163694
26 35 39 41 24 1067164191
259 109 108 473 330 1067173205
77 254 76 41 49 1067174241
163 289 234 432 85 1067176824
492 440 83 106 250 1067179855
492 440 83 106 250 1067182952
278 285 204 290 15 1067187861
366 83 257 122 284 1067210830
75 261 249 298 260 1067239354
77 254 76 41 49 1067241007
342 75 74 249 298 1067265965
53 232 62 15 233 1067269977
326 328 11 22 21 1067332218
71 163 289 432 85 1067333457
163 289 234 432 85 1067333603
71 163 289 432 85 1067334340
234 161 210 584 235 1067334698
136 77 436 76 49 1067338011
71 163 289 234 432 1067346026
536 53 232 15 233 1067346266
166 170 29 368 115 1067519913
26 442 27 39 41 1067677150
47 125 635 637 636 1067677350
71 163 289 432 85 1067678084
71 163 289 234 432 1067682174
213 356 154 257 250 1067702110
166 170 29 368 115 1067716454
163 640 649 218 610 1067766529
53 232 62 15 233 1067768792
278 53 232 62 233 1067771956
525 390 227 15 182 1067778943
266 267 268 606 265 1067811124
342 75 74 249 298 1067849954
342 75 74 249 298 1067850961
136 252 116 171 339 1067851411
173 130 291 567 457 1067852359
43 213 148 106 250 1067857236
43 213 257 107 250 1067871576
50 72 51 88 85 1067931778
50 72 51 49 85 1067938004
166 170 29 368 115 1067938422
71 431 72 153 432 1067941738
43 148 42 146 106 1067943220
50 72 51 49 85 1067945956
215 672 346 347 353 1067953564
166 170 29 368 115 1067954170
598 621 130 449 457 1067979609
50 72 51 88 85 1068024522
377 380 297 397 296 1068026047
377 380 297 397 296 1068029339
377 380 297 397 296 1068029938
67 109 113 110 111 1068030800
525 169 514 398 402 1068035490
71 163 72 218 432 1068040867
170 116 246 171 339 1068042656
296 377 297 397 380 1068147964
50 83 122 51 85 1068280089
421 42 146 51 88 1068280359
431 72 218 367 85 1068281600
26 442 27 39 41 1068283126
20 366 325 107 45 1068286389
43 213 148 106 250 1068367712
366 211 130 364 372 1068374584
170 136 124 252 137 1068375559
266 267 268 606 265 1068379050
26 442 27 39 41 1068379072
3 584 56 5 212 1068390331
3 584 56 5 212 1068393777
29 352 211 304 82 1068393967
278 53 232 62 233 1068456047
266 267 268 606 265 1068459840
77 254 76 41 49 1068472743
480 63 237 59 212 1068480732
163 289 234 218 85 1068541422
213 170 257 368 171 1068549164
43 213 148 106 250 1068550095
377 173 123 220 61 1068630909
61 297 388 284 296 1068642435
43 213 148 106 250 1068643841
43 213 148 106 250 1068892079
26 442 27 39 41 1068973203
442 42 86 87 88 1068977965
163 289 234 218 432 1068984573
163 289 234 218 253 1068984783
163 289 234 432 85 1068984971
163 289 234 218 85 1068985213
163 289 234 432 85 1068985538
252 436 27 33 24 1068989982
60 407 64 138 282 1068993118
50 72 51 88 85 1069054907
77 254 76 41 49 1069058875
266 267 268 606 265 1069072001
43 213 148 106 250 1069078130
326 328 11 22 21 1069078455
174 135 517 537 260 1069080244
536 53 232 62 233 1069087168
71 289 181 72 85 1069165061
71 289 181 72 85 1069165219
53 555 232 62 233 1069189656
166 530 257 463 115 1069234526
166 530 257 463 115 1069236341
174 75 261 260 73 1069236341
43 213 148 106 250 1069240758
50 72 51 88 85 1069247746
81 69 288 656 82 1069253924
4 3 64 5 282 1069367555
74 331 249 298 18 1069449061
332 74 331 298 18 1069449638
75 261 249 298 260 1069484218
286 551 570 64 212 1069496801
163 289 234 432 85 1069497740
286 551 570 64 212 1069499354
54 536 53 62 233 1069500090
54 536 53 62 233 1069504253
63 3 59 5 212 1069504755
286 551 570 64 212 1069509372
286 551 570 64 212 1069511464
50 72 51 49 85 1069514378
75 261 249 298 260 1069571098
50 72 51 88 85 1069578363
50 72 51 88 85 1069579921
600 606 498 359 524 1069580636
2 494 378 107 653 1069585175
534 174 135 373 520 1069587529
54 53 232 62 233 1069588292
163 289 234 432 85 1069588437
163 289 234 432 85 1069588776
43 213 148 106 250 1069673406
166 170 29 368 115 1069686664
286 213 551 59 212 1069872016
163 289 234 432 548 1070619468
366 173 257 782 130 1070638674
195 3 64 196 282 1070656151
75 261 249 298 260 1070694081
525 390 227 15 182 1070702815
377 380 297 397 296 1070705301
163 289 234 432 85 1070724234
50 51 49 88 85 1070724396
3 161 584 64 5 1070725076
282 480 551 723 212 1070729155
213 289 234 253 432 1070806135
166 170 29 368 115 1070816459
61 297 216 284 296 1070818034
81 69 288 656 82 1070826207
75 261 249 298 260 1070867277
166 170 29 368 115 1070878834
166 170 29 368 115 1070880031
213 116 59 367 283 1070883052
77 254 76 41 49 1070891920
75 261 249 298 260 1070953199
50 72 51 88 85 1070955398
163 289 234 432 85 1070960686
480 3 5 723 212 1070964297
43 213 148 106 250 1070979288
83 234 367 84 85 1070981707
26 442 27 39 41 1070984315
26 442 27 39 41 1070984432
508 81 549 185 82 1070989223
4 411 3 58 306 1071205086
234 289 161 531 244 1071228222
163 289 234 432 85 1071234501
494 2 107 378 330 1071237427
234 532 433 106 84 1071241813
170 116 117 246 171 1071243203
195 3 64 196 282 1071255659
42 64 287 5 129 1071261947
64 175 287 5 658 1071262758
50 51 49 88 85 1071301032
525 390 227 15 182 1071308566
555 232 62 233 439 1071313633
42 371 86 39 41 1071319821
42 86 95 52 88 1071320287
77 254 76 41 49 1071329709
75 261 298 399 260 1071384982
42 146 155 51 88 1071394097
491 257 153 517 284 1071394544
422 443 77 264 484 1071396883
195 3 59 196 282 1071398070
234 161 531 244 242 1071401522
14 647 419 622 302 1071402117
71 163 289 218 85 1071404601
163 289 234 432 85 1071404911
50 72 51 49 85 1071407106
60 234 403 59 57 1071417935
53 232 62 233 439 1071477315
26 442 27 39 41 1071478204
385 297 390 389 296 1071481529
163 289 234 432 85 1071484095
382 178 177 179 345 1071497360
71 163 289 234 432 1071501267
296 297 390 389 385 1071501795
53 232 62 233 439 1071505648
195 3 64 196 282 1071535803
71 163 289 432 85 1071563249
53 232 62 233 439 1071567335
77 254 76 41 49 1071573214
163 83 289 432 85 1071579625
77 254 76 41 49 1071580641
163 289 234 432 85 1071584276
713 2 190 317 107 1071588149
26 442 27 39 41 1071593180
26 442 27 39 41 1071823848
130 425 542 184 400 1071826668
53 232 62 233 439 1071827878
479 107 493 82 284 1071836054
446 447 445 141 427 1071844025
50 72 51 49 85 1071844385
163 83 289 84 85 1071844507
50 72 51 88 85 1071844727
50 72 51 88 85 1071846496
428 140 446 445 427 1071909617
266 497 267 606 265 1071911567
552 174 135 481 520 1071912439
53 232 62 233 439 1071913860
214 8 361 524 659 1071918116
491 257 153 517 284 1071919474
208 198 202 197 52 1071934077
77 254 76 41 49 1071937036
366 494 352 129 115 1071996985
26 442 27 39 41 1071997767
75 74 331 249 298 1072007788
366 29 449 433 45 1072013947
53 232 62 233 439 1072014955
77 254 76 41 49 1072016251
174 155 517 537 260 1072017296
60 234 403 59 57 1072019579
326 328 11 22 21 1072077114
163 83 289 84 85 1072085069
53 232 62 233 439 1072097812
163 289 234 432 85 1072098564
163 289 234 432 85 1072098725
130 109 542 184 400 1072102552
130 109 542 184 400 1072123827
213 107 59 250 212 1072128966
53 555 232 62 233 1072173540
71 163 289 432 85 1072179413
163 289 234 432 85 1072186312
71 163 289 234 85 1072186385
561 66 265 233 439 1072193706
63 584 64 108 5 1072404839
75 261 249 298 260 1072422214
426 262 152 650 469 1072424070
50 403 72 51 85 1072428209
26 442 27 39 41 1072428260
26 442 27 39 41 1072428616
26 442 27 39 41 1072428706
50 72 51 88 85 1072430246
60 234 403 59 57 1072431678
4 60 64 175 287 1072435532
163 83 289 84 85 1072452478
7 306 65 59 6 1072454409
426 262 152 650 469 1072509656
163 83 289 84 85 1072512881
31 40 27 38 24 1072515868
26 442 27 39 41 1072516405
163 83 289 84 85 1072521194
366 257 433 107 439 1072524689
412 276 265 233 439 1072528503
426 262 152 650 469 1072601615
50 72 51 88 85 1072605965
412 276 265 233 439 1072613900
179 412 276 265 439 1072615533
71 50 181 432 373 1072621322
234 146 531 244 242 1072691429
26 442 27 39 41 1072706784
26 442 27 39 41 1072706955
77 436 76 41 49 1072712600
130 109 542 184 400 1072730257
60 234 59 57 282 1072776144
4 3 58 531 64 1072970239
426 262 152 650 469 1073029488
426 262 152 650 469 1073030934
213 234 210 244 236 1073040969
285 619 232 258 290 1073042643
71 289 181 432 373 1073047627
71 289 181 432 373 1073047776
75 261 249 298 260 1073113715
525 390 227 15 182 1073127565
53 232 62 233 439 1073127759
163 289 234 432 85 1073129555
71 289 181 432 373 1073135987
50 72 51 49 85 1073142295
83 87 367 84 85 1073147999
285 619 232 258 290 1073211923
393 234 146 433 106 1073217156
404 170 455 301 115 1073220045
166 170 29 368 115 1073229962
77 436 76 41 49 1073230584
77 254 76 41 49 1073230716
366 222 257 2 225 1073256671
26 442 27 39 41 1073293586
26 442 27 39 41 1073293657
53 232 62 233 439 1073295616
163 50 72 51 85 1073300843
50 72 51 88 85 1073306977
136 436 254 76 41 1073312250
53 232 62 233 439 1073314215
143 249 367 84 283 1073315292
261 74 249 260 610 1073374054
377 380 397 65 158 1073383064
136 436 254 76 41 1073385669
297 390 389 391 296 1073398104
170 116 246 171 339 1073645406
71 289 181 432 373 1073650270
71 181 432 51 373 1073651341
50 83 51 84 85 1073652810
552 553 135 373 520 1073657553
74 331 249 298 18 1073659775
163 289 234 218 85 1073660666
112 109 113 110 111 1073728696
112 109 113 110 111 1073731100
266 267 606 265 439 1073738135
534 174 155 517 260 1073740721
163 289 234 432 85 1073741802
53 232 62 233 439 1073747312
179 412 276 265 439 1073750214
53 232 62 233 439 1073756589
343 2 746 352 378 1073756635
234 146 161 59 84 1073813730
136 436 254 76 41 1073814765
166 136 337 28 362 1073819732
266 497 267 606 265 1073825426
291 567 358 357 330 1073837828
136 77 436 76 41 1073892755
71 163 289 432 85 1073919712
421 146 155 51 88 1073921448
50 72 51 88 85 1073922459
75 261 249 298 260 1073977402
71 289 181 218 432 1073981505
71 181 218 432 373 1073982001
71 289 181 432 373 1073982306
26 442 27 39 41 1073989844
136 77 436 76 49 1074002794
166 170 29 368 115 1074114605
297 390 389 182 296 1074249814
3 584 64 5 196 1074259078
136 77 436 254 76 1074260248
75 261 249 298 260 1074262317
75 343 61 232 263 1074262457
53 232 62 233 439 1074268292
598 130 291 567 457 1074268652
342 75 74 249 298 1074327369
136 77 436 254 76 1074327458
536 53 62 369 233 1074333481
417 663 81 185 82 1074346889
63 366 257 108 284 1074353630
536 53 62 369 233 1074353649
497 689 498 524 695 1074420732
53 232 62 233 439 1074427646
136 77 436 254 76 1074514420
266 497 267 606 265 1074521288
412 276 265 233 439 1074528731
286 551 257 64 212 1074529096
75 261 249 298 260 1074582204
50 72 51 88 85 1074586946
26 442 27 39 41 1074587185
26 442 27 39 41 1074587255
136 77 436 76 49 1074588973
395 390 389 391 296 1074591399
53 232 62 233 439 1074593334
7 306 65 59 6 1074594367
417 108 185 82 284 1074604475
53 232 62 233 439 1074850860
136 436 254 76 41 1074850945
136 77 436 254 76 1074853870
426 393 148 146 106 1074859529
411 59 723 687 212 1074862063
412 276 265 233 439 1074864019
286 551 211 64 212 1074866356
136 436 254 76 49 1074873085
669 549 70 548 660 1074938533
31 35 34 41 588 1074938961
669 549 70 548 660 1074939266
50 72 51 49 85 1074939274
53 232 62 233 439 1074940316
178 177 179 345 232 1074944974
166 170 29 368 115 1074946263
53 232 62 233 439 1074954564
266 497 267 606 265 1075018057
412 276 265 233 439 1075039431
71 163 289 432 85 1075042618
163 50 289 51 85 1075042669
4 623 519 64 5 1075047669
195 193 3 410 196 1075055290
286 551 257 250 212 1075060747
26 442 27 39 41 1075106933
26 442 27 39 41 1075107028
112 109 113 110 358 1075113739
136 77 436 254 76 1075127246
526 319 114 546 49 1075134627
75 261 249 298 260 1075186204
163 289 234 253 85 1075194987
53 232 62 233 439 1075197136
534 174 135 155 537 1075200111
53 232 62 233 439 1075210778
75 332 74 331 298 1075212104
163 50 289 51 85 1075213017
75 261 249 298 260 1075214782
71 72 218 432 85 1075630179
555 232 62 233 439 1075640373
351 482 321 233 591 1075640676
26 442 27 39 41 1075711722
555 232 62 233 439 1075712842
234 270 532 433 106 1075713386
547 490 449 378 313 1075714122
536 53 62 369 233 1075714871
525 390 227 15 182 1075715078
2 61 297 378 352 1075725605
75 261 249 298 260 1075791733
83 122 367 84 85 1075797578
67 112 109 113 110 1075804177
71 289 234 432 85 1075805002
53 555 232 233 439 1075811933
428 446 445 667 141 1075815196
412 276 265 233 439 1075819025
248 689 569 654 265 1075821199
4 195 64 433 129 1075821659
366 211 64 59 212 1075824919
75 261 249 298 260 1075878561
75 261 249 298 260 1075878668
234 122 146 545 85 1075879932
261 399 22 21 260 1075881801
376 291 358 357 330 1075885213
257 64 59 250 212 1075887930
286 551 257 64 212 1075892840
75 135 553 373 552 1075900888
47 130 22 138 82 1075901642
536 53 62 369 233 1075906438
536 53 62 369 233 1075909558
536 53 62 369 233 1075909680
536 53 62 369 233 1075910076
72 51 49 88 85 1075968646
26 442 27 39 41 1075969941
20 366 363 162 45 1075971453
536 53 62 369 233 1075972172
431 181 218 432 373 1075972605
536 53 62 369 233 1075979662
71 163 289 432 85 1075991518
286 551 257 250 212 1075999926
266 267 606 265 784 1076226689
26 442 27 39 41 1076231774
26 442 27 39 41 1076231917
430 374 87 373 84 1076240939
71 163 289 432 85 1076241483
71 181 218 432 373 1076241730
50 181 432 51 373 1076241874
166 170 29 368 115 1076246095
491 257 153 517 284 1076246787
366 257 416 115 284 1076255892
286 551 257 250 212 1076277408
136 77 436 76 41 1076314781
270 447 155 217 273 1076315215
136 77 436 76 41 1076315853
179 412 276 265 439 1076319060
163 289 234 432 85 1076328116
75 261 249 298 260 1076397079
405 359 333 524 695 1076407462
55 234 58 59 57 1076410318
163 289 234 218 85 1076411315
163 289 234 432 85 1076411727
77 254 76 41 49 1076413833
163 289 234 432 85 1076414543
4 3 64 5 240 1076416232
266 267 606 265 784 1076416363
60 234 59 675 57 1076416882
555 232 62 233 439 1076420260
195 193 3 196 805 1076463043
195 193 3 196 805 1076489792
195 193 3 196 805 1076495236
26 28 39 33 41 1076496834
3 584 64 5 658 1076497277
555 232 62 233 439 1076502026
195 193 3 196 805 1076504742
195 193 3 196 805 1076506151
555 232 62 233 439 1076508702
60 234 403 59 57 1076517122
195 193 3 805 196 1076522269
4 3 64 5 240 1076523198
195 193 3 196 805 1076526427
195 193 3 805 196 1076529745
195 193 3 196 805 1076549942
50 432 51 49 88 1076574116
465 9 451 572 8 1076581554
266 267 268 606 265 1076581812
534 174 135 373 552 1076587545
163 289 234 218 432 1076595458
163 289 234 218 432 1076595780
195 193 3 196 805 1076614889
195 193 3 805 196 1076615088
195 193 3 196 805 1076615658
195 193 3 805 196 1076616577
195 193 3 196 805 1076618128
195 193 3 805 196 1076625014
75 261 249 298 260 1076828324
20 366 363 162 45 1076855994
289 234 218 432 85 1076858034
75 261 249 298 260 1076914663
50 432 51 88 85 1076917320
342 75 74 249 298 1076918256
163 181 432 51 373 1076923383
61 297 216 284 296 1076927565
71 431 218 367 85 1076933932
210 237 239 236 245 1076944505
107 223 458 269 680 1076945028
20 366 363 162 45 1076959816
50 72 51 88 85 1077005527
170 116 246 171 339 1077014653
136 77 436 254 76 1077016208
431 72 218 367 85 1077016742
166 170 29 368 115 1077026841
670 81 656 93 21 1077034620
234 122 143 545 111 1077089377
83 122 106 84 85 1077096538
248 689 569 654 265 1077101176
559 223 216 269 458 1077114197
195 193 3 196 805 1077118102
195 193 3 196 805 1077128880
195 3 584 811 5 1077142240
213 507 261 326 70 1077195105
688 405 359 333 524 1077196803
163 289 218 432 85 1077197307
81 93 21 22 82 1077205767
411 193 3 58 407 1077316091
77 254 76 41 49 1077449341
412 276 265 233 439 1077457163
53 555 232 62 233 1077458925
75 261 249 298 260 1077461267
50 72 51 88 85 1077524079
71 163 72 218 432 1077538677
234 122 146 59 807 1077542940
163 50 289 51 85 1077548681
81 93 21 22 82 1077548774
404 363 455 301 45 1077555162
75 188 223 88 458 1077613211
412 276 265 233 439 1077613758
53 555 232 62 233 1077613933
166 170 29 368 115 1077617915
63 570 64 175 5 1077622791
555 232 62 233 439 1077625880
4 304 64 287 184 1077640670
4 570 64 175 5 1077642225
4 570 64 175 138 1077644098
75 74 331 249 298 1077696696
67 112 109 113 110 1077701108
14 647 419 622 302 1077702226
610 403 122 51 85 1077708788
163 289 234 432 85 1077711383
166 530 80 117 116 1077720398
610 50 72 51 85 1077720502
195 193 3 196 805 1077721928
50 122 72 51 85 1077722194
195 193 3 196 805 1077723257
195 193 3 196 805 1077726102
26 442 27 39 41 1077727785
26 442 27 39 41 1077727874
26 442 27 39 41 1077727982
67 112 109 113 110 1077784890
163 289 234 432 85 1077786170
342 75 261 298 260 1077788810
266 267 62 606 265 1077799265
80 293 129 463 134 1077818482
4 570 64 175 138 1077821262
136 77 436 76 41 1078046880
737 554 267 325 12 1078055379
4 570 64 175 138 1078081339
266 267 606 265 784 1078131284
266 267 606 265 784 1078131370
262 25 454 319 117 1078132002
215 179 285 181 263 1078135439
50 289 432 51 85 1078141843
50 289 432 51 85 1078141864
250 83 106 84 85 1078143770
50 83 72 51 85 1078153981
71 163 289 432 85 1078155131
83 122 130 542 184 1078157199
50 289 432 51 85 1078215097
26 442 27 39 41 1078217256
26 442 27 39 41 1078217330
163 289 234 432 85 1078218206
53 232 62 233 439 1078219614
332 74 331 249 298 1078220133
26 442 27 39 41 1078220585
508 417 190 185 82 1078224999
58 304 608 97 57 1078237221
75 332 497 74 458 1078238942
234 161 210 584 807 1078239300
257 517 654 250 212 1078241138
431 72 218 367 85 1078242294
53 232 62 233 439 1078245012
60 234 403 59 57 1078246645
412 276 265 233 439 1078329162
136 436 254 76 41 1078487462
163 289 234 432 85 1078494681
50 289 72 51 85 1078495012
4 161 64 59 276 1078495782
215 279 180 181 131 1078496131
480 55 60 58 57 1078501585
215 279 180 181 131 1078504148
459 366 130 433 184 1078518810
525 390 227 15 182 1078562652
136 436 254 76 41 1078571126
534 174 135 260 302 1078575126
53 232 62 233 439 1078590244
278 232 62 233 439 1078651150
77 436 254 76 41 1078656902
534 174 135 517 260 1078660928
610 50 512 51 85 1078664496
58 608 304 97 57 1078664635
40 27 76 41 30 1078670060
71 163 289 432 85 1078671418
412 276 265 233 439 1078673027
26 442 27 39 41 1078735605
421 146 155 51 88 1078738222
215 204 352 378 281 1078742162
174 135 517 260 302 1078752370
125 403 126 99 637 1078755781
688 405 333 486 524 1078761651
688 689 405 333 524 1078762772
3 407 584 64 5 1078778424
75 261 249 298 260 1078815415
72 51 49 88 85 1078824465
45 166 108 556 134 1078826384
688 689 405 333 524 1078841748
229 378 281 96 182 1078846249
60 58 64 57 824 1078857179
194 3 811 783 805 1078887025
4 60 570 161 64 1078936520
136 436 254 76 41 1079168269
26 442 27 39 41 1079170062
77 254 76 41 49 1079252667
136 77 436 76 41 1079254883
266 267 606 265 439 1079259347
71 163 289 432 85 1079260405
50 289 432 51 85 1079267548
58 608 304 97 57 1079268076
173 130 425 567 281 1079269733
704 107 188 458 269 1079278896
342 75 74 249 298 1079337762
71 163 289 432 85 1079340001
50 72 432 51 88 1079342806
431 181 218 432 373 1079349391
71 163 289 234 85 1079351849
77 436 76 41 49 1079352450
136 77 436 76 41 1079352511
286 428 447 165 16 1079359439
412 276 265 233 439 1079362089
234 146 210 241 240 1079427428
229 378 281 96 182 1079435728
55 60 234 59 57 1079438830
50 72 432 51 610 1079440578
60 234 403 59 57 1079442378
688 689 405 333 486 1079453575
688 689 405 333 486 1079453651
688 689 405 333 486 1079454352
688 689 405 333 486 1079454801
688 689 405 333 486 1079455817
3 584 64 5 138 1079472595
4 410 3 193 272 1079519561
53 232 62 233 439 1079686484
412 276 265 233 439 1079697808
50 72 51 88 85 1079768553
163 289 234 432 85 1079774695
163 289 234 432 85 1079774787
63 87 373 108 283 1079780937
136 117 362 152 33 1079781197
163 50 289 51 85 1079781394
25 40 447 76 41 1079784831
166 170 29 368 115 1079862412
61 104 216 284 296 1079863335
67 112 109 113 110 1079865306
77 254 76 41 49 1079867305
58 608 304 97 57 1079868484
536 53 62 369 233 1079869990
50 289 72 51 85 1079872297
2 190 317 107 256 1079875858
536 53 62 369 233 1079879275
86 799 129 197 202 1079879547
266 267 606 265 784 1079888715
271 130 293 184 609 1079945939
404 47 211 301 372 1079952520
536 53 62 369 233 1079952990
536 53 62 369 233 1079954030
163 289 234 432 85 1079955598
536 53 62 369 233 1079958730
404 107 188 82 489 1079959882
536 53 62 369 233 1079967906
136 77 436 254 76 1079970672
376 479 81 144 357 1079970861
40 27 76 41 30 1079981212
163 289 234 432 85 1080033813
266 267 606 265 439 1080043587
688 689 405 333 486 1080143933
688 689 405 333 486 1080144380
688 689 405 333 486 1080144535
688 689 405 333 486 1080144628
688 689 405 333 486 1080145096
54 536 369 313 233 1080472214
63 570 64 175 5 1080485694
166 122 144 654 400 1080485806
412 276 265 233 439 1080501196
63 570 64 175 5 1080554650
376 479 81 358 82 1080555001
407 3 584 64 5 1080607700
3 407 584 64 5 1080616080
234 289 210 244 807 1080645017
278 232 62 233 439 1080654384
257 122 517 654 212 1080678159
688 689 405 333 486 1080983406
688 689 405 333 486 1080983568
688 689 405 333 486 1080983805
688 689 405 333 486 1080983952
130 542 281 184 400 1080984870
189 107 185 188 82 1080988056
229 378 281 96 182 1080992916
229 378 281 96 182 1080993214
50 289 72 51 85 1080998992
404 107 301 108 372 1081011666
525 390 227 15 182 1081068183
71 50 432 51 373 1081073094
443 77 264 484 115 1081081509
50 289 72 51 85 1081086236
404 107 301 108 82 1081088385
404 211 107 301 108 1081088671
332 74 331 249 298 1081153356
50 51 49 88 85 1081162863
71 163 289 234 85 1081165573
58 608 304 97 57 1081167578
332 74 331 249 298 1081171560
194 193 811 783 196 1081173517
688 689 405 333 486 1081184680
688 689 405 333 486 1081184794
688 689 405 333 486 1081185030
688 689 405 333 486 1081185444
55 60 59 57 90 1081242957
40 27 76 41 30 1081245129
222 19 227 223 224 1081249118
824 64 5 138 282 1081249488
53 232 62 233 439 1081259480
4 304 64 287 184 1081267794
83 234 106 84 85 1081329361
431 181 218 432 373 1081331293
688 689 405 333 486 1081331954
688 689 405 333 486 1081332090
4 63 584 64 5 1081336065
77 436 254 76 41 1081345404
688 689 405 333 486 1081367788
688 689 405 333 486 1081369602
704 107 188 458 269 1081597847
119 14 419 622 302 1081601200
428 140 446 445 427 1081603400
525 390 227 15 182 1081620269
315 311 227 256 313 1081626902
136 77 436 254 76 1081669327
412 276 265 233 439 1081673762
278 232 62 233 439 1081674854
215 344 285 181 150 1081680635
332 74 331 249 298 1081684786
168 204 169 281 15 1081689312
53 232 62 233 439 1081759788
440 83 146 106 250 1081773981
332 74 331 249 298 1081779613
536 53 62 369 233 1081779917
536 53 62 369 233 1081780198
536 53 62 369 233 1081782121
366 122 835 250 45 1081783220
536 53 62 369 233 1081784811
536 53 62 369 233 1081788778
536 53 62 369 233 1081788948
465 737 554 325 12 1081789035
54 147 53 793 233 1081803148
332 74 331 249 298 1081858757
54 147 53 793 233 1081867176
688 689 405 333 486 1081875806
177 319 416 334 114 1081929420
40 447 76 41 30 1081945686
74 331 249 298 18 1081946928
3 584 811 64 5 1081948996
377 380 297 397 296 1081953183
166 170 281 129 171 1081961067
85 393 50 403 610 1082194117
136 252 116 436 76 1082197147
4 411 60 788 193 1082203928
491 257 517 84 284 1082204368
377 393 251 104 380 1082213616
166 31 281 129 52 1082215701
404 366 257 107 301 1082220121
404 107 301 108 372 1082223575
229 378 281 96 182 1082289729
639 107 188 489 753 1082291423
166 31 281 129 52 1082306907
322 482 321 62 391 1082361036
50 432 51 88 85 1082361081
10 450 333 486 557 1082362002
229 378 281 96 182 1082365715
492 583 66 449 561 1082367420
536 53 62 369 233 1082387883
60 55 59 723 57 1082453733
88 83 122 84 85 1082461201
4 89 304 64 184 1082468369
4 89 304 64 184 1082472882
4 89 304 64 184 1082481441
503 499 501 498 45 1082535316
266 267 62 606 265 1082542541
166 31 281 129 52 1082546829
491 257 153 517 284 1082551046
688 689 405 333 486 1082648142
688 689 405 333 486 1082649754
688 405 359 333 486 1082649974
442 172 546 48 115 1082800707
286 428 447 165 16 1082800776
174 257 327 517 22 1082818461
472 190 625 548 660 1082885550
166 31 281 129 52 1082909396
31 28 94 52 45 1082909693
114 48 281 264 115 1082932319
174 257 327 517 22 1082932466
229 378 281 96 182 1082973957
174 257 327 517 22 1082975293
412 276 265 233 439 1082987331
319 172 441 114 115 1082991369
4 130 304 64 184 1082991916
461 309 429 505 212 1082996122
166 31 281 129 52 1082996892
404 47 211 301 372 1083000595
166 170 29 368 115 1083055456
166 170 29 368 115 1083055548
497 495 600 420 142 1083058074
130 291 425 449 281 1083062828
177 319 416 114 362 1083065469
166 31 281 129 52 1083088294
148 2 86 107 330 1083155497
312 261 249 298 260 1083159803
174 270 155 517 88 1083162096
701 525 456 398 400 1083174617
688 405 359 333 486 1083174801
688 405 359 333 486 1083175313
688 405 359 333 486 1083176652
92 112 109 110 473 1083402931
136 77 254 76 41 1083404985
50 83 122 51 85 1083410831
525 390 227 15 182 1083412197
442 799 48 39 41 1083412756
166 31 281 129 52 1083416531
472 190 625 548 660 1083420087
257 255 153 108 284 1083431477
688 689 359 333 486 1083493177
472 190 625 548 660 1083497398
58 608 304 97 57 1083499599
492 122 130 281 233 1083505269
163 289 234 432 85 1083510407
163 289 234 432 85 1083510541
50 72 51 88 85 1083511314
133 132 193 410 272 1083520705
50 289 72 51 85 1083575219
50 289 72 51 85 1083576367
166 170 29 368 115 1083581912
536 53 62 369 233 1083585312
536 53 62 369 233 1083586388
536 53 62 369 233 1083593550
536 53 62 369 233 1083593868
536 53 62 369 233 1083594452
136 77 254 76 49 1083595311
508 363 479 357 82 1083597391
508 363 479 357 82 1083598257
508 363 479 357 82 1083599317
166 31 281 129 52 1083601853
10 450 333 486 557 1083656940
166 31 281 129 52 1083670098
163 50 289 51 85 1083673695
548 363 70 357 82 1083677908
166 31 281 129 52 1083678242
548 363 70 357 82 1083687006
548 363 70 82 357 1083835140
174 326 11 22 21 1083880242
548 363 70 82 357 1083882778
548 363 70 82 357 1083908639
548 363 70 82 357 1083912284
166 31 281 129 52 1083919203
286 47 165 175 372 1083925921
472 190 625 548 660 1083927969
319 425 264 339 115 1083930653
319 425 264 339 115 1083931847
319 425 264 339 115 1083932160
319 425 264 339 115 1083932197
50 83 72 51 85 1083932948
412 276 265 233 439 1083933756
71 163 289 432 85 1083936601
130 341 449 94 439 1083944192
491 257 153 517 84 1083946874
4 60 570 161 64 1083953635
536 53 62 369 233 1083954604
166 31 281 129 52 1083954632
291 571 425 169 281 1083957020
170 319 425 264 339 1084001261
262 31 29 368 129 1084010694
548 363 70 82 357 1084016809
266 267 606 265 784 1084017650
266 232 62 233 439 1084023045
266 232 62 233 439 1084023141
166 31 281 129 52 1084027188
71 163 289 432 85 1084028713
179 412 276 265 439 1084093880
58 608 304 97 57 1084103442
71 163 289 432 85 1084104373
50 83 122 51 85 1084106716
163 50 289 51 85 1084106747
548 363 70 82 357 1084107664
71 163 289 432 85 1084180611
61 104 297 284 296 1084184197
536 53 62 369 233 1084184246
166 31 281 129 52 1084186076
472 190 625 548 660 1084187272
548 363 70 82 357 1084190487
412 276 265 233 439 1084191457
536 53 62 369 233 1084198275
536 53 62 369 233 1084206867
166 31 281 129 52 1084207827
306 272 723 6 212 1084225011
75 332 74 331 249 1084265844
472 464 190 548 660 1084267916
119 647 255 622 302 1084268272
179 201 265 233 439 1084271682
278 266 232 62 233 1084272288
503 688 505 405 45 1084274304
50 289 432 51 85 1084276568
286 428 447 165 16 1084277214
77 254 76 41 49 1084284559
166 170 29 368 115 1084285343
308 168 401 398 134 1084286752
266 232 62 233 439 1084288045
266 232 62 233 439 1084288352
266 232 62 233 439 1084288442
166 31 281 129 52 1084289292
166 31 281 129 52 1084289484
166 170 29 368 115 1084291731
166 170 29 368 115 1084292635
166 170 29 368 115 1084293859
166 170 29 368 115 1084294141
166 363 142 52 45 1084296516
508 479 69 70 82 1084402151
3 531 64 5 196 1084442659
508 548 363 82 357 1084476569
279 222 181 250 18 1084526978
737 554 267 325 12 1084530717
119 14 647 419 302 1084533282
179 201 412 276 439 1084534137
472 190 625 548 660 1084538061
215 343 204 61 378 1084540586
336 446 323 141 274 1084543058
357 508 479 548 82 1084544876
357 508 479 548 82 1084545748
4 407 519 64 824 1084549545
194 3 584 64 5 1084553922
166 31 281 129 52 1084565055
166 31 281 129 52 1084565239
55 60 56 723 57 1084607667
71 163 289 432 85 1084613343
536 53 62 369 233 1084614421
536 53 62 369 233 1084614422
536 53 62 369 233 1084615333
424 66 619 456 290 1084616412
166 31 281 129 52 1084629712
136 77 254 76 49 1084630256
480 788 3 5 212 1084631698
536 53 62 369 233 1084633278
536 53 62 369 233 1084633904
412 276 265 233 439 1084636481
404 366 130 107 184 1084638612
332 74 249 298 18 1084649712
536 53 62 369 233 1084699481
492 575 291 532 457 1084700196
77 254 76 41 49 1084701560
50 72 51 88 85 1084703180
163 83 289 122 85 1084704818
491 257 153 517 84 1084708522
480 788 3 5 212 1084710205
480 788 3 5 212 1084711036
480 788 3 5 212 1084716019
75 312 249 223 216 1084719834
166 31 799 281 52 1084720928
305 676 563 184 357 1084724496
479 259 563 339 282 1084724940
342 229 317 318 18 1084780943
77 254 76 41 49 1084783894
136 77 254 76 49 1084786029
788 55 723 57 687 1084788373
472 190 625 548 660 1084795693
166 31 281 129 52 1084801852
63 87 373 108 432 1084870238
431 72 218 432 85 1084877811
166 170 29 368 115 1085064747
815 688 405 333 486 1085126130
278 266 232 233 439 1085131436
222 317 249 216 269 1085149656
25 120 447 41 30 1085152601
815 688 405 333 486 1085220818
366 130 543 418 184 1085231847
163 50 289 51 85 1085238672
4 407 304 64 287 1085251422
426 116 334 441 24 1085271318
120 447 27 41 30 1085295218
136 77 254 76 41 1085311985
120 27 41 39 30 1085312541
447 27 41 39 30 1085312678
163 289 432 84 85 1085313254
536 53 62 369 233 1085318475
4 60 3 64 844 1085345936
309 61 104 284 296 1085404558
31 799 281 129 52 1085413889
170 107 188 82 330 1085739664
170 107 188 82 330 1085739889
25 120 27 41 39 1085741890
50 289 72 51 85 1085747020
136 77 254 76 41 1085747859
170 37 29 368 115 1085830368
50 289 72 51 85 1085840695
163 289 432 84 85 1085927322
536 53 62 369 233 1085929139
536 53 62 369 233 1085930340
536 53 62 369 233 1085932049
536 53 62 369 233 1085933011
536 53 62 369 233 1085935465
536 53 62 369 233 1085949677
71 163 289 432 85 1086085470
257 17 423 517 250 1086085564
75 332 74 249 298 1086095071
47 395 165 17 175 1086103787
395 104 390 378 105 1086105074
536 53 62 369 233 1086113775
395 104 390 378 105 1086165885
163 289 432 84 85 1086178474
412 276 265 233 439 1086427767
404 530 301 264 115 1086438705
189 146 107 184 22 1086443659
180 204 297 352 378 1086444667
146 107 188 458 269 1086450723
274 428 16 46 427 1086455320
525 390 227 15 182 1086510076
77 334 48 49 76 1086510330
136 77 254 76 49 1086511023
163 289 432 84 85 1086519511
29 122 368 106 115 1086533758
136 77 436 254 76 1086607837
83 354 211 152 138 1086608215
63 107 188 250 82 1086616085
163 289 432 84 85 1086616755
297 65 378 182 380 1086666302
136 252 116 839 795 1086683214
412 276 265 233 439 1086690746
179 276 265 233 439 1086703434
327 307 11 22 21 1086789156
326 307 11 22 21 1086789344
587 17 107 517 250 1086790079
587 17 107 517 250 1086790450
266 232 265 233 439 1087047076
266 232 265 233 439 1087047340
404 639 494 107 489 1087123734
120 252 40 41 30 1087129892
163 289 432 84 85 1087139119
163 289 640 430 218 1087200519
50 432 51 88 85 1087219048
163 289 432 84 85 1087221982
136 77 436 76 41 1087289278
421 146 835 88 807 1087295586
120 40 27 41 30 1087310234
404 211 107 301 108 1087315479
26 442 27 39 41 1087374007
25 120 27 41 30 1087379604
50 72 432 51 88 1087631443
120 27 41 39 30 1087642761
50 72 432 51 88 1087644102
63 257 255 297 108 1087646970
63 257 255 297 108 1087647081
136 252 116 839 795 1087651723
136 252 116 839 795 1087718096
133 132 257 284 212 1087737249
404 170 29 368 301 1087738198
133 132 257 284 212 1087738970
136 252 116 839 795 1087739401
132 133 257 284 212 1087741033
587 17 107 517 250 1087748580
75 261 298 399 260 1087801265
50 72 432 51 88 1087814006
50 72 432 51 88 1087822296
404 366 257 107 301 1087837078
75 332 74 331 249 1087917677
136 252 116 839 795 1087918960
50 72 432 51 88 1087985828
50 72 432 51 88 1087987293
270 447 532 433 217 1087988002
71 163 122 72 84 1087994647
136 252 116 839 795 1087996400
75 261 298 399 260 1087998419
305 570 304 64 90 1088200087
170 29 368 284 115 1088328102
404 257 107 599 807 1088345200
50 72 432 51 49 1088409252
470 433 107 256 458 1088412587
182 394 378 105 296 1088415036
354 122 211 237 152 1088497089
71 63 87 108 493 1088597426
407 287 705 6 282 1088762375
525 390 227 15 182 1088781653
770 279 130 169 485 1088791182
60 56 59 723 57 1088859252
296 394 378 105 182 1088860448
412 276 265 233 439 1088864737
404 257 211 107 129 1088920789
688 405 359 333 486 1088935429
412 276 265 233 439 1088943200
688 405 359 333 486 1089019882
688 405 359 333 486 1089020397
286 551 257 59 212 1089026220
278 830 192 345 263 1089035153
278 830 192 345 263 1089039593
42 204 87 129 202 1089041389
278 830 192 345 263 1089045481
72 432 51 49 88 1089099616
136 252 116 839 795 1089105545
42 204 87 95 202 1089131205
42 204 87 95 202 1089131867
75 261 249 298 260 1089367321
136 252 116 839 795 1089369501
136 252 116 839 795 1089369556
75 312 261 298 260 1089443790
166 31 281 129 52 1089621332
120 27 41 39 30 1089624910
166 31 281 129 52 1089648798
7 3 306 59 5 1089657478
7 3 306 59 5 1089674271
136 252 116 839 795 1089703298
136 252 116 839 795 1089703778
136 252 116 839 795 1089703995
50 72 432 51 49 1089706400
77 334 48 49 76 1089706762
50 72 51 49 85 1089707566
77 436 254 76 41 1089968421
257 153 107 250 284 1089983238
536 53 62 369 233 1089993809
136 252 116 839 795 1090054362
4 60 64 175 287 1090068809
4 60 64 175 287 1090068944
701 167 425 517 284 1090070522
412 276 265 233 439 1090075094
4 60 623 64 57 1090081757
4 103 3 193 410 1090115645
71 289 181 432 373 1090142640
136 436 254 76 41 1090153844
136 736 252 839 795 1090162328
404 257 107 301 108 1090192342
75 332 74 331 249 1090237932
259 161 17 108 330 1090247850
536 53 62 369 233 1090250016
536 53 62 369 233 1090251379
536 53 62 369 233 1090253504
404 871 17 107 301 1090305365
136 736 252 839 795 1090312442
136 736 252 839 795 1090312687
83 257 122 532 64 1090316919
257 304 64 532 184 1090325646
450 495 214 420 528 1090327615
211 64 237 244 138 1090328756
404 211 17 107 372 1090352630
71 289 432 84 85 1090575156
50 72 51 88 85 1090587416
117 114 291 341 281 1090591678
120 27 41 39 30 1090657332
71 289 432 84 85 1090663948
404 47 211 488 301 1090671197
166 31 281 129 52 1090687602
404 871 301 11 22 1090730884
136 77 436 254 76 1090747349
163 289 432 84 85 1090754184
404 63 356 751 301 1090759452
404 376 871 301 357 1090769591
136 252 116 839 795 1090829152
450 495 420 333 486 1090830860
266 267 606 265 233 1090848376
163 289 432 84 85 1091179692
412 276 265 233 439 1091182051
266 232 267 606 233 1091184227
170 116 29 368 115 1091188117
170 29 368 116 115 1091189499
257 423 106 84 250 1091192213
50 289 72 51 85 1091195421
136 436 254 76 41 1091267476
163 289 432 84 85 1091282853
166 170 29 368 115 1091287735
688 405 359 333 486 1091294288
688 405 359 333 486 1091294362
136 736 252 839 795 1091348443
404 530 871 368 341 1091352408
635 341 11 339 357 1091353467
404 530 871 368 341 1091354661
319 172 416 334 546 1091355562
166 170 29 368 115 1091358135
166 170 29 368 115 1091358735
163 289 432 84 85 1091359236
136 252 116 839 795 1091369385
536 53 62 369 233 1091376811
404 366 301 108 284 1091385428
404 366 871 107 301 1091436862
120 40 27 41 39 1091440142
266 606 265 233 439 1091440575
552 135 481 373 520 1091454654
380 180 395 397 158 1091464644
4 411 585 193 3 1091474224
4 411 585 193 3 1091478827
411 64 59 138 282 1091481747
132 410 59 723 212 1091526300
166 170 29 368 115 1091534377
286 4 304 64 287 1091538494
366 363 130 129 184 1091545844
132 410 59 723 212 1091545863
286 64 287 129 184 1091552893
4 195 3 64 59 1091578761
286 132 410 59 212 1091611790
688 405 359 333 486 1091627967
688 405 359 333 486 1091628213
83 122 106 84 85 1091784808
136 736 252 839 795 1091794487
536 53 62 369 233 1091795284
40 27 41 39 30 1091796327
77 254 76 41 49 1091798629
404 871 211 301 875 1091798895
278 830 192 345 263 1091817590
42 181 130 819 433 1091869788
64 59 705 138 282 1091872017
525 390 227 15 182 1091872589
163 289 432 84 85 1091880356
185 184 358 82 485 1091886805
55 403 59 56 57 1091893838
136 436 254 76 41 1091955536
77 436 254 76 41 1091958541
40 27 41 39 30 1091960531
64 59 705 138 282 1091967243
377 180 397 706 158 1091969005
67 109 113 110 473 1091969394
404 159 871 107 301 1092007776
461 309 505 59 212 1092008792
72 432 51 49 85 1092039167
167 148 106 250 545 1092046869
447 27 41 39 30 1092059099
736 436 254 76 41 1092124086
140 446 445 141 427 1092126282
382 178 177 179 345 1092130873
688 405 359 333 486 1092145895
530 246 341 676 115 1092146038
71 163 289 432 85 1092149590
270 532 433 217 273 1092150561
26 442 27 39 41 1092384946
77 436 76 41 49 1092391671
140 446 445 141 427 1092396384
266 53 267 265 233 1092404867
163 289 432 84 85 1092405857
404 174 871 107 301 1092429352
507 261 399 70 260 1092469326
26 442 27 39 41 1092471659
26 442 27 39 41 1092471714
132 411 410 59 212 1092478991
136 252 116 839 171 1092482786
47 270 141 84 284 1092487268
393 395 297 84 284 1092487378
163 289 432 84 85 1092490554
61 104 216 284 296 1092494261
163 289 432 84 85 1092495652
61 104 216 284 296 1092496483
404 366 107 108 284 1092557856
404 871 107 301 875 1092606415
585 194 3 59 805 1092621127
120 27 41 39 30 1092641139
404 366 107 301 108 1092641938
404 162 107 875 45 1092647029
92 112 109 473 111 1092654610
71 289 181 153 432 1092656477
404 174 871 161 875 1092661065
85 50 72 473 610 1092671185
4 411 3 865 59 1092722366
163 289 432 84 85 1092734318
163 289 432 84 85 1092746671
179 412 276 265 439 1092756405
42 181 799 130 433 1092763720
3 64 108 5 284 1092767467
404 125 108 372 875 1092773153
163 289 432 84 85 1092996064
266 267 265 233 439 1092997432
447 445 217 41 141 1093006038
61 104 216 284 296 1093006668
55 403 58 59 675 1093011360
536 53 62 369 233 1093020534
536 53 62 369 233 1093082493
446 140 323 445 667 1093085670
536 53 62 369 233 1093088473
536 53 62 369 233 1093096263
135 87 59 373 432 1093097326
170 319 83 339 115 1093098214
166 31 281 129 52 1093098541
7 570 3 58 64 1093099093
136 252 116 839 795 1093099807
7 570 3 58 64 1093100112
7 570 3 58 64 1093115514
183 297 389 391 296 1093168098
40 27 41 39 30 1093169044
178 177 179 345 439 1093187482
178 177 179 345 439 1093187563
136 436 254 76 41 1093255472
77 254 76 41 49 1093263780
163 289 253 84 85 1093268365
412 276 265 233 439 1093274270
366 363 130 129 184 1093282373
461 309 410 429 212 1093307773
404 366 162 107 45 1093333658
334 114 246 433 115 1093336136
610 403 98 324 85 1093337716
610 83 122 72 85 1093338494
180 204 297 352 378 1093341499
167 366 356 84 284 1093345227
688 405 359 333 486 1093349767
366 363 130 129 184 1093350005
688 405 359 333 486 1093350068
688 405 359 333 486 1093350244
688 405 359 333 486 1093350432
266 267 606 265 233 1093350473
136 436 254 76 41 1093356201
404 125 301 372 875 1093357184
404 125 301 372 875 1093357487
412 276 265 233 439 1093360293
166 31 281 129 52 1093372779
166 31 281 129 52 1093424703
688 405 359 333 486 1093518873
13 689 654 265 20 1093598270
286 410 89 59 212 1093605535
286 480 788 687 212 1093610420
286 480 788 687 212 1093611916
286 480 788 687 212 1093612548
480 286 788 687 212 1093612680
286 480 788 687 212 1093614322
286 480 788 687 212 1093614547
393 148 181 433 106 1093618005
135 87 59 373 432 1093621052
163 289 432 84 85 1093705023
559 223 188 216 269 1093719587
428 140 446 445 427 1093768131
552 174 135 481 520 1093772800
63 83 122 84 85 1093776639
374 87 59 373 432 1093778005
174 507 261 326 70 1093781337
229 378 281 96 182 1093785002
77 48 49 51 76 1093785062
83 122 87 106 84 1093791350
535 87 367 108 373 1093792290
136 77 436 76 49 1093792984
404 871 162 301 45 1093830825
229 378 281 96 182 1093859687
136 436 254 76 41 1093865916
163 289 432 84 85 1093866039
688 405 359 333 486 1093867730
266 267 606 265 233 1093871627
136 736 252 839 795 1093872666
412 276 265 233 439 1093874300
148 83 433 164 106 1093875775
50 51 49 88 85 1094026584
34 120 40 41 30 1094029081
71 289 181 432 373 1094034467
571 801 514 483 562 1094036484
170 64 5 171 82 1094045411
266 267 606 265 233 1094052751
170 29 875 22 330 1094052845
357 167 257 82 330 1094056043
404 174 871 29 301 1094056318
173 130 341 425 449 1094066598
77 48 49 51 76 1094112165
77 334 48 49 51 1094284827
178 177 179 345 439 1094290843
178 177 179 345 439 1094290856
178 177 179 345 439 1094291010
178 177 179 345 439 1094291050
319 117 246 264 362 1094295831
525 390 227 15 182 1094306880
393 297 390 216 296 1094309567
48 373 49 51 76 1094313095
166 31 281 129 52 1094318738
194 195 783 5 805 1094348576
78 80 444 556 79 1094373095
178 177 179 345 439 1094376072
178 177 179 345 439 1094376195
492 130 433 107 45 1094378197
132 410 3 196 282 1094380934
136 436 254 76 41 1094385266
60 407 3 64 282 1094386483
736 27 28 171 795 1094396433
173 130 341 425 449 1094397114
78 80 444 556 79 1094461181
286 304 64 287 824 1094472277
289 407 306 253 59 1094478925
132 410 3 196 282 1094490119
132 410 3 196 282 1094492102
395 397 65 706 158 1094515743
736 252 116 839 795 1094546333
289 407 306 253 59 1094547348
136 436 254 76 41 1094550558
50 289 72 51 85 1094551781
136 436 254 76 41 1094551987
133 289 122 306 253 1094561829
4 3 64 433 129 1094563641
688 405 359 333 486 1094564015
536 53 62 369 233 1094648286
174 135 307 399 260 1094649379
140 445 798 141 273 1094651314
404 871 125 301 875 1094671205
167 289 122 253 106 1094896487
497 429 505 247 747 1094903481
426 436 254 76 41 1094982122
136 436 254 76 41 1094990945
170 319 425 339 115 1094994756
166 31 281 129 52 1095003543
4 791 3 64 5 1095006124
4 791 3 64 5 1095010166
166 31 281 129 52 1095027250
166 31 281 129 52 1095027256
426 122 143 253 545 1095061945
289 122 306 253 106 1095063233
78 496 80 444 79 1095064988
136 77 254 76 41 1095068077
166 31 799 281 129 1095070376
166 31 281 129 52 1095074884
50 289 72 51 85 1095075533
571 801 514 483 562 1095077384
412 276 265 233 439 1095080636
116 114 291 341 281 1095085089
688 405 359 333 486 1095087515
4 791 3 64 5 1095115981
319 334 246 48 49 1095146920
166 31 281 129 52 1095153472
166 31 281 129 52 1095156737
266 267 606 265 233 1095161356
174 156 270 155 88 1095162808
178 177 179 345 439 1095172247
289 161 87 367 84 1095174014
289 122 306 253 106 1095176699
47 304 64 372 138 1095181256
571 801 514 483 562 1095182237
50 432 51 88 85 1095236190
77 334 49 51 76 1095242195
166 31 281 129 52 1095243010
688 405 333 486 524 1095253860
104 61 216 284 296 1095423966
404 871 301 875 807 1095494098
26 442 27 39 41 1095497698
412 276 265 233 439 1095503822
540 140 210 16 141 1095507113
61 104 216 284 296 1095521693
536 53 62 369 233 1095521795
305 289 122 253 106 1095581077
167 83 122 82 284 1095591792
122 519 59 253 138 1095592624
540 140 210 16 141 1095594043
132 410 210 59 212 1095595116
404 871 301 875 807 1095598145
412 276 265 233 439 1095600056
404 257 17 107 301 1095623846
404 257 17 107 301 1095624362
540 140 210 16 141 1095671154
77 48 49 51 76 1095674868
319 291 87 425 281 1095675855
178 179 177 345 439 1095676619
451 450 495 568 486 1095680884
319 291 87 425 281 1095682613
404 174 871 143 301 1095682736
4 411 257 304 433 1095684882
194 3 64 59 5 1095686382
357 404 875 82 330 1095686811
4 411 257 304 433 1095700417
4 103 3 193 410 1095700880
3 64 108 5 284 1095712059
194 3 64 59 5 1095712223
426 31 32 83 24 1095754543
4 411 257 304 433 1095759113
568 363 8 361 20 1095761172
4 411 257 304 433 1095762536
4 411 257 304 433 1095771610
178 179 412 276 439 1095779025
136 436 254 76 41 1095779401
235 83 122 82 115 1095779847
334 48 49 51 76 1095833966
136 77 254 76 41 1095841723
50 72 51 88 85 1095865440
251 369 378 182 105 1096101305
251 378 369 105 182 1096101768
78 80 444 556 79 1096104282
132 410 210 59 212 1096104995
61 104 216 284 296 1096104996
120 27 41 39 30 1096105122
71 163 289 84 85 1096121322
63 509 87 108 45 1096192571
251 369 378 105 182 1096237963
266 497 267 606 265 1096273056
266 267 606 265 233 1096275590
492 66 412 561 439 1096279075
257 255 153 108 284 1096283319
181 799 130 433 115 1096295606
404 174 871 107 301 1096295888
366 363 130 64 184 1096304493
286 4 411 64 824 1096315463
461 674 505 175 212 1096322174
461 309 429 505 212 1096328099
72 432 51 49 85 1096360323
78 496 80 444 79 1096360520
78 496 80 444 79 1096360631
77 334 48 49 76 1096361907
14 647 419 622 302 1096370074
14 647 419 622 302 1096370228
77 334 48 49 76 1096371045
461 674 505 175 212 1096380344
571 801 514 483 562 1096389342
83 122 106 84 85 1096392110
404 366 257 162 107 1096411591
77 334 48 49 76 1096445605
336 323 141 274 335 1096446569
50 289 72 51 85 1096451663
133 122 211 59 253 1096456744
50 289 72 51 85 1096461824
55 403 59 253 57 1096477642
4 304 64 184 838 1096577386
4 811 64 138 838 1096578325
167 122 143 87 493 1096703836
422 77 172 334 484 1096707849
50 72 51 88 85 1096708822
3 64 59 108 5 1096713676
525 390 227 15 182 1096716513
336 323 141 274 335 1096721103
404 107 301 875 45 1096788458
322 559 297 378 296 1096792780
122 306 253 59 106 1096810923
75 332 74 298 18 1096814391
480 55 56 723 57 1096816648
404 162 301 875 45 1096872653
266 232 267 606 233 1096890439
166 31 281 129 52 1096912600
29 36 184 129 115 1096942716
77 436 76 41 49 1096962998
77 334 48 49 76 1096979186
366 363 29 130 82 1096979765
736 436 254 76 41 1096980578
426 122 143 111 610 1097000187
334 48 49 51 76 1097219790
736 436 254 76 41 1097224313
422 319 246 264 484 1097232874
