83 106 84 85 1064049164
128 130 131 129 1064050697
173 124 104 62 1064052748
26 37 31 42 1064055252
26 37 31 42 1064055385
50 72 218 51 1064056251
168 19 202 134 1064064116
406 405 359 44 1064075939
322 379 104 378 1064076048
77 254 76 41 1064130946
42 146 155 88 1064133690
26 27 39 41 1064135058
26 27 39 41 1064135126
43 42 87 88 1064140771
322 379 104 378 1064223781
310 75 224 273 1064228445
494 21 22 231 1064228934
77 254 76 41 1064235272
261 249 298 260 1064238881
26 27 39 41 1064239039
26 27 39 41 1064252488
366 499 44 45 1064256717
289 306 253 176 1064310618
163 289 234 85 1064317020
43 116 184 82 1064318020
42 371 48 39 1064331293
7 65 328 6 1064348707
77 254 76 41 1064391441
77 254 76 41 1064397049
163 289 234 218 1064397742
40 447 41 30 1064400966
163 289 234 85 1064406171
494 21 22 231 1064407508
77 254 76 41 1064409985
54 555 62 233 1064415129
75 261 249 260 1064416004
472 214 62 321 1064650797
89 304 64 184 1064669192
43 42 86 88 1064742097
170 341 449 437 1064746748
43 42 86 88 1064747320
181 153 432 373 1064747455
26 27 39 41 1064758432
270 447 217 41 1064764341
26 35 39 41 1064764349
63 56 108 212 1064774696
50 51 49 88 1064821253
261 249 298 260 1064831198
81 143 17 283 1064833280
163 289 234 85 1064834151
366 257 449 433 1064846940
26 27 39 41 1064917178
178 179 177 232 1064922712
54 555 232 233 1064925576
332 74 331 18 1064930677
75 261 249 298 1064931163
64 5 82 115 1065111144
261 249 298 260 1065165777
53 555 232 233 1065170772
26 27 39 41 1065183483
26 27 39 41 1065183551
440 161 106 250 1065186209
43 42 86 88 1065193582
54 61 555 233 1065196131
422 246 264 484 1065215845
77 254 76 41 1065257266
77 254 76 41 1065267284
77 76 41 49 1065273033
140 446 445 427 1065273392
261 21 260 73 1065273822
9 248 498 524 1065286025
83 122 218 85 1065342033
135 87 373 432 1065343730
174 135 517 260 1065344371
163 289 234 432 1065346110
43 442 42 86 1065347740
421 42 51 88 1065352079
366 363 12 659 1065356162
87 373 493 84 1065357737
163 289 218 85 1065362430
77 254 76 41 1065367286
601 413 603 414 1065367556
379 104 378 105 1065376629
7 526 65 6 1065383324
663 107 433 188 1065428628
565 568 569 361 1065430992
43 42 86 88 1065438903
234 289 210 244 1065444828
169 542 184 400 1065448191
146 155 51 88 1065454033
60 234 58 59 1065455752
67 109 113 110 1065515089
83 289 122 85 1065515299
83 289 122 85 1065515335
663 107 458 269 1065515638
270 667 217 427 1065520996
77 76 41 49 1065526391
163 289 253 432 1065537220
271 130 457 485 1065537392
43 42 86 88 1065538350
377 381 397 158 1065709915
77 254 76 41 1065779740
42 181 130 433 1065783293
552 135 373 520 1065793164
421 42 51 88 1065796981
26 27 39 41 1065797465
162 549 660 548 1065870361
3 56 5 212 1065874135
26 27 39 41 1065882602
77 76 41 49 1065883341
63 356 154 409 1065891062
54 555 232 233 1065892480
366 363 505 45 1065944299
26 27 39 41 1065949134
304 433 372 296 1065954958
215 173 179 412 1065963456
26 27 39 41 1065967049
63 366 363 505 1066004266
26 27 39 41 1066034660
77 254 76 41 1066034818
26 27 39 41 1066036020
43 42 86 88 1066037732
43 42 86 88 1066043497
170 29 368 115 1066047259
170 29 368 115 1066054017
43 213 148 106 1066120966
163 289 253 432 1066123151
163 289 253 432 1066123231
163 289 234 432 1066123324
366 257 449 433 1066123490
431 181 218 432 1066130675
50 181 432 373 1066131138
431 181 218 432 1066131222
42 86 87 88 1066138458
63 366 130 184 1066142828
43 42 86 87 1066378418
43 246 21 660 1066379364
289 234 432 85 1066384881
234 403 59 57 1066396427
163 289 234 218 1066404365
26 27 39 41 1066410083
26 27 39 41 1066410137
289 234 218 85 1066467575
135 430 373 432 1066471415
26 27 39 41 1066471421
433 281 129 296 1066472513
163 289 234 432 1066473487
289 234 432 85 1066477928
50 181 432 373 1066487551
421 146 51 88 1066488750
83 122 51 85 1066553979
77 254 76 41 1066563860
77 254 76 41 1066567020
421 42 51 88 1066570504
337 116 117 340 1066573050
43 213 148 106 1066575642
26 27 39 41 1066578557
132 410 704 272 1066578715
102 66 121 381 1066580782
60 55 584 57 1066644004
71 289 234 432 1066649876
77 254 76 41 1066656103
77 254 76 41 1066660172
77 76 41 49 1066660173
77 254 76 41 1066663622
337 116 117 340 1066667111
468 376 329 358 1066680084
61 390 15 182 1066726612
75 222 2 224 1066735961
337 116 117 340 1066738971
77 254 76 41 1066745726
77 254 76 41 1066748140
170 366 257 339 1066759052
170 37 368 171 1066988184
43 42 86 88 1066989929
26 27 39 41 1066989962
37 170 368 171 1066990653
289 432 284 85 1066996821
366 499 44 45 1066996943
26 27 39 41 1066999801
26 27 39 41 1067003465
37 170 368 171 1067004443
75 261 298 260 1067065636
26 27 39 41 1067075636
163 289 234 85 1067075686
26 27 39 41 1067075767
83 130 281 566 1067078247
83 367 84 85 1067091616
54 555 62 233 1067097640
214 360 361 528 1067109990
508 109 82 330 1067161541
43 42 86 88 1067163815
26 27 39 41 1067167187
71 289 234 432 1067168399
178 177 179 485 1067172527
492 424 398 402 1067183527
43 42 86 88 1067241813
610 393 155 18 1067243561
75 261 260 73 1067243602
43 42 86 88 1067245373
53 232 62 233 1067251828
163 72 218 432 1067256254
26 27 39 41 1067261329
54 53 62 233 1067262677
177 95 514 591 1067262712
177 95 514 591 1067262714
75 261 260 73 1067264644
136 252 436 137 1067264697
287 184 358 477 1067279628
26 27 39 41 1067327254
26 27 39 41 1067338605
174 135 517 260 1067347666
377 192 65 158 1067668191
4 60 287 175 1067677288
289 234 432 85 1067682298
43 148 146 106 1067683779
351 95 205 591 1067687384
26 27 39 41 1067689380
71 163 289 432 1067695073
77 76 41 49 1067699487
234 403 58 59 1067705337
214 360 361 528 1067706619
229 19 219 227 1067760329
315 86 227 313 1067760912
26 27 39 41 1067770726
77 254 76 41 1067774843
2 190 494 107 1067776114
77 254 76 41 1067786080
75 261 298 260 1067842611
332 74 249 298 1067847084
552 174 135 520 1067850979
270 447 217 41 1067854940
71 289 234 432 1067855175
43 213 148 106 1067857151
43 433 107 250 1067858136
43 107 433 250 1067865407
135 430 87 373 1067865452
266 13 162 666 1067865490
380 396 381 158 1067869325
366 363 505 45 1067881390
3 584 108 5 1067882693
4 193 176 658 1067886599
419 58 64 90 1067928534
26 27 39 41 1067934299
83 367 84 85 1068026546
234 403 122 161 1068028299
50 51 49 88 1068030571
50 181 432 373 1068030721
23 259 473 330 1068033745
143 367 283 85 1068033878
163 289 234 85 1068043556
366 325 107 45 1068046999
447 27 41 30 1068155426
50 51 88 85 1068277858
289 181 432 373 1068278604
26 27 39 41 1068280752
26 27 39 41 1068280831
26 27 39 41 1068281588
26 27 39 41 1068281680
26 27 39 41 1068282830
26 27 39 41 1068282886
112 109 113 110 1068283338
26 27 39 41 1068296691
3 56 5 212 1068321114
14 647 249 302 1068369907
77 254 76 41 1068370102
26 27 39 41 1068379244
26 27 39 41 1068380212
534 174 135 373 1068380608
26 27 39 41 1068380704
565 248 689 695 1068383096
4 60 287 175 1068387148
254 76 41 49 1068388819
503 429 247 747 1068459629
163 289 234 432 1068463240
312 261 249 298 1068468056
4 193 3 324 1068469212
366 211 130 372 1068469248
371 447 27 41 1068472736
447 27 41 30 1068472828
234 87 493 84 1068476656
47 395 165 175 1068477678
77 254 76 41 1068536591
53 555 232 233 1068540833
279 114 36 169 1068550820
26 27 39 41 1068555712
140 447 41 141 1068557574
26 27 39 41 1068563675
26 27 39 41 1068563818
289 253 432 85 1068628237
63 751 153 284 1068638772
565 451 450 569 1068644957
366 363 505 45 1068879340
26 27 39 41 1068891143
286 58 531 64 1068896412
26 27 39 41 1068907178
163 289 234 432 1068908183
71 289 234 432 1068908421
47 395 165 175 1068910566
536 53 62 233 1068921976
37 28 36 24 1068971501
26 27 39 41 1068972941
336 323 273 335 1068975529
220 61 104 353 1068977093
442 42 86 88 1068978024
83 373 84 85 1068979296
452 83 639 164 1068982227
26 27 39 41 1068983444
26 27 39 41 1068983495
163 289 234 432 1068985859
200 42 207 52 1068987713
140 446 445 427 1068991538
286 122 59 212 1068997421
336 323 141 274 1068998172
26 27 39 41 1068999273
447 27 76 41 1069056785
77 254 76 41 1069060709
42 198 207 52 1069063336
53 232 62 233 1069063642
2 255 228 18 1069070773
174 135 517 260 1069076115
163 289 234 85 1069078174
243 234 531 242 1069079821
40 27 41 30 1069080222
688 405 359 333 1069084547
26 27 39 41 1069143279
77 254 76 41 1069144289
174 135 481 373 1069146321
77 254 76 41 1069150782
77 254 76 41 1069152692
26 27 39 41 1069157956
26 27 39 41 1069158008
81 656 70 548 1069158878
26 27 39 41 1069159123
26 27 39 41 1069161214
71 181 72 85 1069165016
42 371 86 48 1069188993
26 27 39 41 1069234789
50 181 432 373 1069235990
50 181 432 373 1069236621
50 181 432 373 1069236850
173 130 449 567 1069239726
50 181 432 373 1069240665
50 181 432 373 1069240797
50 181 432 373 1069241064
50 181 432 373 1069241207
366 587 107 458 1069241364
50 181 432 373 1069242228
50 181 432 373 1069243283
50 181 432 373 1069243387
83 106 84 85 1069243429
404 366 107 301 1069248714
404 107 301 250 1069251613
570 58 64 138 1069253121
570 304 64 90 1069253142
570 304 64 90 1069254238
570 364 64 517 1069256013
431 181 218 432 1069500366
213 366 257 115 1069509444
319 526 327 114 1069510290
77 254 76 41 1069573865
42 86 87 88 1069579128
72 51 88 85 1069580821
688 405 359 333 1069586931
71 163 289 432 1069590343
170 494 2 372 1069591970
143 367 164 283 1069592316
168 204 732 205 1069601752
81 69 656 82 1069672687
81 69 288 82 1069674653
163 277 289 548 1069677084
270 433 36 216 1069678168
270 433 36 216 1069678531
174 116 93 433 1069680845
549 185 82 548 1070622556
181 432 51 373 1070625084
9 10 359 524 1070634023
174 155 517 260 1070700590
161 299 675 82 1070706054
75 312 249 298 1070709042
75 312 249 298 1070709999
53 232 62 233 1070721993
289 234 432 85 1070725232
366 363 505 45 1070726404
315 86 2 227 1070727641
394 61 378 388 1070733419
42 86 197 88 1070784061
26 27 39 41 1070787609
232 62 233 439 1070791327
393 50 312 610 1070796823
163 289 234 432 1070805781
259 143 473 330 1070812075
257 153 517 184 1070818794
42 64 287 5 1070822526
480 3 5 212 1070845048
259 143 473 330 1070871906
286 133 531 212 1070883935
26 27 39 41 1070890046
215 343 295 347 1070892472
404 109 107 301 1070893364
77 254 76 49 1070893477
404 17 301 45 1070896677
480 3 56 5 1070897977
26 27 39 41 1070899341
480 3 5 212 1070906774
480 3 5 212 1070908864
480 3 5 212 1070925053
50 51 88 85 1070956461
421 42 51 88 1070959421
26 27 39 41 1070959655
421 42 51 88 1070960882
234 403 59 57 1070962086
208 219 202 96 1070962397
53 232 62 233 1070974043
26 27 39 41 1070984243
163 289 234 432 1070984377
75 261 249 298 1071213386
407 287 6 282 1071230797
60 234 59 57 1071240040
319 327 246 114 1071240447
232 62 233 439 1071240926
191 185 82 539 1071241292
234 403 59 57 1071247473
446 447 445 427 1071247665
366 64 287 5 1071262493
261 249 298 260 1071299477
2 746 352 378 1071301367
208 202 96 197 1071312488
2 746 352 378 1071313989
2 746 352 378 1071320895
26 27 39 41 1071322853
2 190 107 378 1071337023
71 289 181 432 1071388569
234 210 239 235 1071400828
234 244 242 245 1071401356
170 116 246 171 1071403110
279 181 161 130 1071405431
98 103 99 324 1071407994
366 587 107 458 1071411759
53 232 62 233 1071415385
71 83 432 85 1071470288
77 254 76 41 1071477104
2 746 352 378 1071477355
421 42 51 88 1071480349
77 254 76 41 1071487847
442 42 86 88 1071487887
421 42 51 88 1071488647
63 153 284 45 1071494235
325 64 531 138 1071515417
2 746 352 378 1071553354
26 27 39 41 1071556777
77 254 76 41 1071559728
26 27 39 41 1071564585
26 27 39 41 1071564946
421 42 51 88 1071565706
50 51 49 85 1071572137
26 27 39 41 1071576160
323 141 274 335 1071576673
26 27 39 41 1071579434
77 254 76 41 1071584131
163 289 218 85 1071584637
407 287 6 282 1071587390
570 64 433 250 1071591206
3 584 64 5 1071598930
407 287 6 282 1071629097
417 226 185 82 1071752691
479 493 82 284 1071822496
26 27 39 41 1071823508
208 202 96 197 1071833778
270 447 217 41 1071837108
291 418 339 115 1071840233
125 635 637 636 1071846733
47 125 635 637 1071847056
297 397 65 380 1071850951
75 261 249 298 1071903588
78 579 444 556 1071912774
447 76 41 30 1071922002
332 74 331 18 1071927769
271 161 609 485 1071931231
271 161 609 485 1071931317
2 352 378 281 1071981639
261 249 298 260 1071989566
26 27 39 41 1071990639
26 27 39 41 1071990738
50 51 49 88 1071993701
159 635 56 636 1071997278
289 234 432 85 1072006555
47 635 637 636 1072006608
163 289 234 85 1072006676
163 289 234 85 1072006739
534 174 135 134 1072010497
77 254 76 41 1072010724
2 226 284 18 1072022480
332 74 331 18 1072045157
77 254 76 41 1072079187
163 289 234 432 1072086705
71 289 234 432 1072086958
163 289 234 432 1072099545
163 289 234 432 1072105339
366 587 107 458 1072105735
86 314 227 318 1072107928
86 314 227 318 1072108465
688 405 359 333 1072115437
404 366 107 301 1072127211
2 352 378 281 1072138597
26 27 39 41 1072169039
404 289 107 301 1072181524
86 314 227 318 1072187748
3 64 5 284 1072398276
63 108 5 284 1072433663
332 74 331 18 1072435017
356 143 17 517 1072439238
407 287 6 282 1072442069
208 198 197 52 1072450767
63 108 5 284 1072481447
75 332 74 18 1072512248
26 27 39 41 1072515188
53 232 62 233 1072516578
27 76 41 30 1072519332
27 76 41 30 1072525012
83 106 84 85 1072526085
271 161 609 485 1072533899
135 430 373 432 1072534180
77 436 76 41 1072534464
53 232 62 233 1072538493
135 87 373 84 1072539283
312 261 249 298 1072597194
366 587 107 458 1072609366
163 289 234 85 1072613456
232 62 233 439 1072614469
234 403 306 59 1072616620
50 181 432 373 1072621785
289 234 218 85 1072625387
63 570 5 284 1072641798
85 393 50 610 1072691599
26 27 39 41 1072692341
315 227 256 313 1072719867
404 366 107 301 1072721157
26 27 39 41 1072776379
98 103 99 324 1072779807
26 27 39 41 1073029322
496 80 444 418 1073034488
496 80 444 418 1073035983
71 181 432 373 1073043959
71 181 432 373 1073044037
71 181 432 373 1073044090
71 181 432 373 1073044316
71 181 432 373 1073044524
189 107 188 82 1073045585
26 27 39 41 1073046723
289 181 432 373 1073046844
140 447 446 41 1073047570
71 181 432 373 1073047873
71 181 432 373 1073048351
181 432 51 373 1073050109
289 234 432 85 1073050904
289 234 432 85 1073051026
159 635 56 636 1073053630
53 232 62 233 1073063738
404 455 301 357 1073066549
309 322 391 158 1073069572
480 3 5 212 1073080734
332 74 331 18 1073120467
480 3 5 212 1073122776
83 106 84 85 1073125832
530 444 367 79 1073128729
447 27 76 41 1073130613
232 62 233 439 1073136245
71 181 432 373 1073136335
26 27 39 41 1073138219
174 135 517 260 1073144425
26 27 39 41 1073204971
26 27 39 41 1073211148
26 442 27 39 1073211235
404 301 357 45 1073222793
257 488 65 6 1073230340
179 265 233 439 1073230861
371 27 41 30 1073230885
92 112 109 473 1073231538
26 27 39 41 1073239283
600 498 359 524 1073245021
492 440 106 250 1073303308
421 42 51 88 1073308619
26 27 39 41 1073310062
497 267 606 784 1073310101
77 254 76 41 1073311608
436 254 76 41 1073312083
174 135 517 260 1073317974
112 109 113 110 1073320670
26 27 39 41 1073320867
26 27 39 41 1073320958
421 42 51 88 1073321406
60 234 403 59 1073325742
232 62 233 439 1073379754
232 62 233 439 1073379961
26 27 39 41 1073386603
232 62 233 439 1073638337
234 403 59 57 1073640890
552 174 135 520 1073652308
74 331 249 18 1073659233
50 83 51 85 1073722259
136 436 254 76 1073724919
26 27 39 41 1073726021
136 436 76 41 1073731712
291 418 339 115 1073735117
174 553 135 373 1073736751
234 146 161 531 1073740512
266 451 267 265 1073750357
404 162 301 45 1073756310
26 27 39 41 1073808011
26 27 39 41 1073814591
85 393 50 610 1073815623
412 276 265 439 1073818116
266 267 606 265 1073821922
3 584 64 5 1073871220
75 261 249 298 1073890884
270 532 433 106 1073912454
26 27 39 41 1073913709
688 405 359 333 1073913796
26 27 39 41 1073913802
26 27 39 41 1073913933
688 498 359 333 1073914176
26 27 39 41 1073914275
26 27 39 41 1073914295
688 405 359 333 1073915300
26 27 39 41 1073915570
3 584 64 5 1073920180
421 146 51 88 1073921716
92 144 475 473 1073985444
382 178 177 179 1073991287
382 178 177 179 1073991620
135 481 373 520 1073997171
3 584 64 5 1073997199
432 51 49 88 1073997377
286 551 407 212 1073997860
472 750 433 514 1074001184
60 234 59 57 1074002332
60 234 59 57 1074007559
4 193 3 324 1074011218
98 103 99 324 1074243475
404 366 107 108 1074245841
160 159 211 439 1074250923
75 261 249 298 1074262034
53 232 62 233 1074266946
93 328 399 22 1074326836
688 405 359 333 1074336563
688 405 359 333 1074336797
688 405 359 333 1074336862
459 670 81 656 1074340821
71 181 432 373 1074343046
71 181 432 373 1074346870
728 103 98 324 1074360593
94 79 129 134 1074412827
404 63 153 284 1074435050
366 257 108 284 1074446586
3 161 584 5 1074481823
25 27 76 41 1074499529
26 27 39 41 1074500479
98 103 99 324 1074501834
140 446 445 427 1074512877
515 407 3 59 1074513371
136 77 436 76 1074515775
53 232 62 233 1074529117
77 254 76 41 1074530152
261 249 298 260 1074582139
40 76 41 30 1074589660
555 514 233 439 1074593559
232 62 233 439 1074598997
232 62 233 439 1074602971
417 108 185 82 1074604094
130 64 184 138 1074795193
75 319 229 481 1074842544
174 135 155 517 1074854109
289 181 432 373 1074863991
261 74 298 260 1074865852
404 63 366 107 1074868530
234 289 59 244 1074869577
465 420 645 528 1074877720
136 436 137 76 1074902777
261 249 298 260 1074942424
163 289 234 85 1074943177
26 27 39 41 1074949527
421 146 155 88 1074962375
286 89 59 212 1074967918
261 249 298 260 1075013959
112 109 113 110 1075023926
174 14 622 302 1075106875
26 27 39 41 1075106964
26 27 39 41 1075106991
510 647 419 255 1075107294
336 323 141 274 1075112875
163 50 72 51 1075117224
53 62 233 439 1075136549
286 551 257 212 1075139042
551 211 64 212 1075229544
86 19 318 685 1075401850
409 107 82 330 1075628218
14 647 419 302 1075629903
635 341 11 357 1075631223
422 246 264 484 1075632419
64 287 433 129 1075633657
86 227 318 685 1075635855
43 42 799 6 1075644811
369 378 84 105 1075649219
707 267 606 784 1075658228
644 31 433 107 1075723275
266 98 532 324 1075723711
532 367 493 84 1075799337
26 27 39 41 1075800117
366 211 64 212 1075815164
4 64 433 129 1075821463
555 232 233 439 1075824898
431 72 218 367 1075883186
289 234 432 85 1075886210
286 551 250 212 1075888458
71 163 289 85 1075895828
83 122 106 85 1075902383
480 3 584 212 1075905457
480 3 584 212 1075909175
75 261 249 298 1075964184
307 70 21 142 1075967282
26 27 39 41 1075969907
26 27 39 41 1075980537
181 218 432 373 1075991778
4 304 64 240 1075996090
58 64 287 5 1076020981
480 3 584 212 1076091798
480 3 584 212 1076091954
93 399 22 21 1076176516
289 234 432 85 1076231696
200 168 201 95 1076235451
234 161 59 236 1076246629
248 689 569 265 1076249447
436 117 28 362 1076251787
26 27 39 41 1076254512
26 27 39 41 1076254650
27 76 41 30 1076312969
58 64 287 5 1076318336
459 670 81 656 1076318582
26 27 39 41 1076322993
26 27 39 41 1076323092
26 27 39 41 1076323159
26 27 39 41 1076323645
112 109 113 110 1076324592
81 433 185 82 1076335574
670 81 185 82 1076335618
26 27 39 41 1076350509
26 27 39 41 1076393383
432 51 49 88 1076405377
382 178 177 179 1076407238
251 151 104 726 1076417454
26 27 39 41 1076423716
251 151 104 726 1076424631
382 178 177 179 1076426205
551 584 127 212 1076431077
26 27 39 41 1076432968
26 27 39 41 1076483160
261 249 298 260 1076484536
26 27 39 41 1076495870
234 289 210 59 1076505879
26 27 39 41 1076509186
71 163 289 85 1076510313
58 64 287 5 1076524118
377 394 397 389 1076528755
551 584 127 212 1076546672
377 394 397 389 1076578401
382 178 177 179 1076578646
55 584 127 212 1076586993
377 394 397 389 1076591392
432 51 49 88 1076593801
163 289 122 85 1076595655
530 676 264 115 1076598543
29 287 22 330 1076601261
195 193 805 196 1076761932
195 193 196 805 1076769060
26 27 39 41 1076836507
26 27 39 41 1076837213
289 234 432 85 1076838673
447 76 41 30 1076840530
103 403 99 324 1076845215
327 399 22 21 1076877011
174 135 155 260 1076934918
26 27 39 41 1076936263
163 83 289 85 1076936475
366 587 107 458 1076939467
492 291 449 184 1076939614
4 570 64 175 1076955279
584 811 59 5 1077010376
130 571 819 456 1077013515
707 267 606 784 1077018422
701 257 130 400 1077022596
60 234 59 57 1077030228
432 51 49 88 1077091017
234 403 59 57 1077095693
26 27 39 41 1077107895
4 130 64 184 1077128822
174 433 420 22 1077192451
688 405 333 486 1077197301
47 270 146 517 1077199740
257 433 107 458 1077200580
411 3 433 64 1077208827
411 3 64 433 1077301600
40 27 76 41 1077442730
530 676 264 115 1077450992
366 494 107 458 1077465716
322 53 369 233 1077529375
322 53 369 233 1077530517
26 27 39 41 1077533242
63 751 153 284 1077534492
40 76 41 30 1077535697
366 587 107 458 1077539285
530 676 264 115 1077540622
26 27 39 41 1077541724
688 405 333 486 1077549211
26 442 27 39 1077553273
477 184 6 330 1077561882
20 366 13 45 1077613345
26 27 39 41 1077642588
4 570 64 175 1077646776
432 51 88 85 1077697146
399 223 216 680 1077698534
163 50 72 51 1077708452
405 333 486 524 1077712241
166 80 117 116 1077724541
7 65 6 439 1077734285
4 570 64 175 1077750462
98 103 99 324 1077791982
332 74 331 18 1077796698
27 41 39 30 1077803378
3 584 64 5 1077811993
3 584 64 5 1077820033
330 304 184 134 1077820437
3 531 64 5 1078000167
26 27 39 41 1078035763
234 289 146 807 1078047053
289 234 432 85 1078047991
77 436 254 76 1078055041
53 62 233 439 1078063911
132 58 97 212 1078064861
221 433 129 216 1078070052
7 3 65 6 1078087526
26 27 39 41 1078129068
26 27 39 41 1078129136
613 491 143 517 1078132969
26 27 39 41 1078133996
270 447 217 41 1078137729
530 676 264 115 1078139976
266 267 606 265 1078149415
289 234 432 85 1078153111
530 676 264 115 1078153496
432 51 49 88 1078153694
163 289 234 85 1078153883
286 788 584 212 1078156311
382 178 177 478 1078178551
26 27 39 41 1078214855
26 27 39 41 1078214910
26 27 39 41 1078215092
174 135 155 260 1078216390
26 27 39 41 1078217117
26 27 39 41 1078217207
83 146 106 250 1078218443
459 366 433 184 1078218938
174 227 512 461 1078219057
26 27 39 41 1078220476
257 517 654 212 1078221911
26 27 39 41 1078222537
688 405 333 486 1078228054
286 480 723 212 1078229277
480 286 723 212 1078231729
26 27 39 41 1078234564
26 27 39 41 1078234704
613 491 143 517 1078234824
366 13 191 563 1078240812
366 13 191 563 1078240996
7 3 65 6 1078420856
53 232 62 233 1078475843
163 289 234 85 1078478616
136 252 116 437 1078485898
47 304 115 212 1078490179
63 254 227 313 1078498905
359 333 486 524 1078499473
688 405 333 524 1078499670
130 449 567 281 1078499843
688 405 333 486 1078500850
4 570 64 138 1078502609
4 570 64 138 1078512020
459 366 433 184 1078517768
26 27 39 41 1078554145
75 261 298 260 1078556262
26 27 39 41 1078563550
26 27 39 41 1078565216
47 256 115 330 1078568985
330 47 82 115 1078569658
172 116 117 39 1078574394
26 27 39 41 1078575418
60 570 519 138 1078575928
87 373 432 283 1078576016
688 689 333 486 1078584731
60 234 59 57 1078591568
75 261 298 260 1078644196
327 11 22 21 1078645720
53 62 233 439 1078651524
4 570 64 138 1078657649
4 570 64 138 1078660341
163 640 649 218 1078661544
87 373 432 283 1078665665
613 156 155 18 1078665707
570 3 5 282 1078668064
4 570 64 138 1078681759
570 3 5 282 1078683164
4 570 64 138 1078686581
4 570 64 138 1078686593
4 570 64 138 1078686638
285 343 525 232 1078738148
421 146 51 88 1078738219
208 202 96 485 1078740413
310 102 147 1 1078741454
26 27 39 41 1078742885
26 27 39 41 1078745691
26 27 39 41 1078745734
26 27 39 41 1078745840
4 570 64 138 1078745888
4 570 64 138 1078745909
492 440 106 250 1078754572
688 405 333 524 1078761301
688 405 333 524 1078761366
688 405 333 486 1078762045
688 405 333 524 1078762284
688 405 333 524 1078762482
4 60 570 64 1078767400
3 584 64 5 1078777987
144 358 473 357 1078824766
26 27 39 41 1078826421
26 27 39 41 1078826558
421 146 51 88 1078831074
167 570 108 138 1078842062
195 3 584 196 1078930920
519 130 64 138 1078934016
179 265 233 439 1079168856
366 257 433 477 1079171063
130 291 449 184 1079171583
87 373 432 283 1079174205
587 635 357 330 1079175176
86 19 219 318 1079177831
336 323 141 274 1079188960
336 323 141 274 1079191564
26 27 39 41 1079207212
26 27 39 41 1079258522
136 436 254 76 1079269671
336 323 141 274 1079270654
136 436 76 41 1079270816
63 254 227 313 1079271499
347 129 52 134 1079274455
310 270 273 610 1079275620
27 76 41 39 1079334195
50 72 51 88 1079338255
92 329 67 330 1079346197
50 72 51 88 1079355297
26 27 39 41 1079358334
47 156 494 129 1079359029
47 156 494 129 1079359488
60 234 59 57 1079359835
60 234 59 57 1079363737
261 249 298 260 1079420388
26 27 39 41 1079422945
26 27 39 41 1079423038
525 169 94 457 1079444331
26 27 39 41 1079447494
234 238 161 320 1079451008
174 83 21 22 1079453145
547 83 639 164 1079453247
688 405 333 486 1079453775
688 689 405 333 1079453992
3 584 64 5 1079459862
4 570 64 138 1079473594
83 122 107 250 1079687464
26 27 39 41 1079692208
279 180 619 352 1079694307
442 86 227 318 1079716493
432 51 49 88 1079768854
416 36 41 30 1079776947
28 362 152 33 1079778874
289 234 432 85 1079779461
26 27 39 41 1079781685
261 249 298 260 1079782863
404 107 188 458 1079791586
146 107 184 330 1079793550
77 254 76 49 1079794340
404 211 107 301 1079856747
63 254 227 313 1079866771
440 835 250 45 1079869046
607 129 115 134 1079872617
799 328 129 485 1079873012
26 27 39 41 1079900418
366 363 505 45 1079945920
26 27 39 41 1079960770
479 188 22 21 1079974225
366 130 17 184 1079975242
404 366 107 108 1079982076
479 188 21 224 1080035738
163 277 284 296 1080039798
75 21 231 22 1080066498
688 405 333 486 1080143796
688 405 333 486 1080143867
688 405 333 486 1080144742
688 405 333 486 1080144926
199 184 224 650 1080473746
404 211 107 301 1080479650
63 254 227 313 1080486941
376 479 81 82 1080508752
261 249 298 260 1080543549
428 446 140 667 1080551019
232 62 233 439 1080562815
53 62 233 439 1080578879
232 62 233 439 1080580559
63 36 227 254 1080645696
63 254 227 313 1080649403
286 89 59 212 1080662756
3 584 64 5 1080673185
508 549 185 82 1080978140
688 405 333 486 1080982918
688 405 333 486 1080983758
688 689 333 486 1080984151
701 363 525 400 1080994664
530 676 264 115 1080997816
570 532 64 824 1081003075
407 64 433 138 1081005802
788 305 551 59 1081006054
261 249 298 260 1081061756
63 254 227 313 1081086408
125 635 637 357 1081088670
125 635 637 339 1081090483
63 254 227 313 1081169347
404 107 188 82 1081171190
232 62 233 439 1081174234
257 64 59 5 1081182549
688 405 333 486 1081183582
688 405 333 486 1081184483
688 405 333 486 1081184521
688 405 333 486 1081184573
344 61 232 293 1081185939
26 442 39 41 1081191344
286 257 250 212 1081209115
53 232 233 439 1081250196
332 74 331 298 1081253608
63 254 227 313 1081254433
446 140 445 667 1081261568
63 254 227 313 1081263503
163 216 284 296 1081272643
261 249 298 260 1081320909
83 106 84 85 1081346625
688 405 333 486 1081368169
688 405 333 486 1081369459
366 363 505 45 1081484398
83 106 84 85 1081590196
266 267 606 265 1081599487
261 249 298 260 1081607953
289 297 216 284 1081619497
4 122 64 175 1081694488
688 405 333 486 1081701302
688 405 333 486 1081702085
688 405 333 486 1081702180
688 405 333 486 1081702361
688 405 333 486 1081702534
688 405 333 486 1081702636
257 64 138 250 1081722451
83 106 84 85 1081755489
232 62 233 439 1081759401
63 254 227 313 1081765121
234 532 373 84 1081767091
279 346 181 122 1081781100
452 122 164 489 1081786683
53 104 186 762 1081804260
92 112 144 473 1081839042
788 60 723 57 1081846915
788 60 723 57 1081848506
26 27 39 41 1081849332
26 27 39 41 1081849807
60 403 59 57 1081865149
431 657 255 85 1081867724
77 254 76 49 1081871099
232 62 233 439 1081871434
232 62 233 439 1081872148
232 62 233 439 1081872691
688 405 333 486 1081874771
688 405 333 486 1081874862
75 222 2 227 1081880073
4 304 64 184 1081888845
410 407 64 212 1081933790
179 232 345 158 1081934745
200 343 2 398 1081940124
26 27 39 41 1081944926
261 249 298 260 1081945428
71 181 432 373 1081948283
71 181 432 373 1081948363
63 254 227 313 1081950530
404 301 357 330 1081952124
161 3 811 59 1081955670
3 161 811 59 1081957282
211 64 5 240 1082142345
4 64 138 282 1082144200
713 315 256 313 1082153073
4 304 64 184 1082198361
304 97 171 90 1082198819
4 304 64 184 1082215094
267 62 606 265 1082232238
503 429 247 747 1082278936
170 136 337 252 1082281559
4 570 64 828 1082287871
200 343 2 398 1082289132
411 60 788 193 1082299296
173 130 293 485 1082368245
261 249 298 260 1082377418
404 366 301 807 1082401984
461 309 505 212 1082416743
130 64 184 824 1082452946
130 64 184 824 1082454947
71 181 432 373 1082465236
529 267 12 528 1082466474
31 29 40 368 1082474101
20 294 8 45 1082476220
404 17 107 301 1082480163
26 27 39 41 1082531652
83 64 378 184 1082536786
112 109 110 111 1082542602
47 395 165 175 1082547490
266 267 606 265 1082549120
261 249 298 260 1082550359
261 249 298 260 1082550694
259 17 473 330 1082551598
688 405 333 486 1082648281
688 405 333 486 1082650107
688 405 333 486 1082652211
688 405 333 486 1082652372
688 405 333 486 1082652464
688 405 333 486 1082652658
688 405 333 486 1082653029
4 64 138 282 1082661143
3 584 811 64 1082664031
26 27 39 41 1082795196
491 257 517 284 1082799252
28 94 52 45 1082801540
416 433 362 115 1082802461
112 109 113 110 1082803722
286 570 64 138 1082806641
67 112 109 113 1082810743
286 570 64 138 1082811975
63 254 227 313 1082820108
92 112 109 473 1082875857
261 249 298 260 1082880268
261 249 298 260 1082880310
174 135 260 302 1082881462
568 499 265 333 1082881472
377 297 397 296 1082887530
213 507 261 70 1082894465
332 74 249 18 1082899234
332 74 331 18 1082899848
259 17 473 330 1082959871
500 600 498 524 1082980953
167 366 130 284 1082998352
404 107 301 357 1083000640
259 423 473 330 1083044162
10 333 486 557 1083052762
508 363 357 548 1083054985
508 363 357 548 1083055028
404 17 107 301 1083055402
63 254 227 313 1083063736
336 446 323 335 1083064010
50 289 181 432 1083073676
10 333 486 557 1083141011
387 297 378 296 1083143112
26 27 39 41 1083155042
26 27 39 41 1083155171
26 27 39 41 1083155226
200 343 2 398 1083160706
26 14 157 412 1083160829
472 288 307 70 1083164273
688 405 333 486 1083175842
688 405 333 486 1083339263
688 689 405 333 1083339442
261 249 298 260 1083397792
270 140 217 335 1083404794
136 254 76 41 1083405319
452 547 122 164 1083406034
170 116 122 437 1083406976
508 363 548 357 1083408319
635 341 11 357 1083408911
788 464 62 695 1083409479
788 464 62 695 1083410777
507 261 326 70 1083410935
332 74 331 18 1083411675
170 117 48 281 1083414018
92 161 67 473 1083414267
232 62 233 439 1083426999
166 170 116 250 1083430553
4 304 64 184 1083438953
404 301 357 330 1083439524
4 304 64 90 1083443447
334 130 246 115 1083485526
114 48 281 264 1083490413
83 106 84 85 1083497864
431 218 367 85 1083507465
261 249 298 399 1083569793
136 254 76 41 1083580154
92 109 473 111 1083581052
163 72 218 610 1083583304
166 31 281 129 1083601839
60 234 59 57 1083602807
261 298 399 260 1083653953
336 323 141 274 1083659577
788 464 62 695 1083670806
262 31 40 368 1083680298
189 146 161 107 1083682405
136 254 76 41 1083683889
60 570 407 64 1083689718
291 425 169 264 1083754275
307 328 22 21 1083755371
3 584 64 5 1083885727
67 109 113 110 1083919460
83 106 84 85 1083919802
83 106 84 85 1083920072
136 252 33 24 1083920328
286 623 287 175 1083926607
382 178 177 179 1083931347
688 405 333 486 1083936844
688 405 333 486 1083937020
688 405 333 486 1083937617
262 31 40 368 1083938293
232 62 233 439 1083939238
461 674 505 212 1083966457
3 584 5 196 1083983894
495 64 6 212 1084002519
266 232 62 233 1084006425
850 232 197 385 1084006505
14 306 341 687 1084013056
346 343 347 295 1084023070
747 503 429 45 1084025821
747 503 429 45 1084025980
4 60 570 64 1084053006
326 70 548 660 1084093736
130 297 64 82 1084094451
14 27 114 439 1084103314
136 254 76 41 1084106154
136 254 76 49 1084106317
132 59 723 212 1084110252
132 59 723 212 1084110438
50 289 51 85 1084112807
788 464 62 695 1084117420
332 74 331 18 1084177739
257 3 64 5 1084194371
75 261 249 298 1084199426
174 135 373 520 1084199688
472 625 548 660 1084266887
130 297 64 82 1084274382
366 29 130 281 1084274627
508 479 69 70 1084379046
479 69 70 82 1084402152
3 584 5 196 1084440337
788 464 190 695 1084535499
319 114 281 115 1084541856
222 315 220 219 1084545484
63 87 369 108 1084549633
584 64 5 138 1084555450
480 3 5 212 1084614736
130 143 184 283 1084622963
257 64 59 5 1084625215
286 623 287 175 1084634454
7 116 65 6 1084654392
26 27 39 41 1084692448
132 64 59 138 1084693917
278 232 233 439 1084702545
410 59 90 212 1084710620
366 13 191 563 1084724951
211 304 723 212 1084725871
221 341 115 134 1084729095
404 17 107 301 1084734980
404 17 107 301 1084735288
107 188 458 269 1084736319
404 17 107 301 1084739703
286 723 138 212 1084749369
28 94 52 45 1084787515
688 405 333 486 1084788714
688 405 333 486 1084788762
688 405 333 486 1084789779
788 464 62 695 1084792013
366 66 456 400 1084801160
166 363 29 28 1084807852
286 56 723 212 1084808145
497 201 233 439 1084811966
179 497 405 498 1084812179
500 497 446 445 1084812252
497 93 267 606 1084813106
166 363 29 28 1084813409
166 363 29 28 1084813795
26 27 39 41 1084865516
120 40 41 30 1084866700
477 259 473 91 1084868735
166 136 252 340 1084869915
304 64 543 184 1084872588
500 497 405 333 1084874676
179 497 405 333 1084879578
342 312 317 223 1084887228
332 74 298 18 1084887674
211 304 723 212 1084890621
211 304 723 212 1084895060
688 405 333 486 1085126514
688 405 333 486 1085126773
688 405 333 486 1085127221
688 405 333 486 1085127419
31 281 129 52 1085128075
286 133 250 212 1085132953
788 464 62 695 1085133651
28 94 52 45 1085137198
639 494 107 489 1085144047
179 265 233 439 1085145126
77 254 76 49 1085145862
266 232 62 233 1085148187
232 62 233 439 1085148271
26 27 39 41 1085151032
47 156 494 129 1085215654
688 405 333 486 1085219937
815 688 405 333 1085220253
815 405 333 486 1085220585
688 405 333 486 1085220883
50 289 51 85 1085226764
77 254 76 41 1085233149
688 405 333 486 1085253989
200 251 525 378 1085293306
472 497 214 418 1085298558
363 130 281 129 1085305616
741 851 62 695 1085307050
63 227 108 18 1085308174
136 254 76 41 1085311929
465 497 161 835 1085312170
148 494 423 684 1085312647
741 851 62 695 1085314505
688 405 333 486 1085317530
480 60 59 57 1085318091
428 446 445 667 1085325052
257 29 130 115 1085327321
4 60 64 844 1085330950
170 547 79 171 1085331811
4 64 5 184 1085345040
4 570 64 138 1085346700
200 251 525 378 1085385330
407 287 6 282 1085396483
136 77 254 76 1085398153
4 411 570 64 1085499541
63 190 36 281 1085743178
63 447 5 212 1085745098
404 170 301 437 1085763579
571 281 205 514 1085832252
500 572 359 45 1085848094
47 125 635 637 1086102733
125 635 637 357 1086102836
635 341 339 357 1086103013
163 289 84 85 1086168254
136 252 839 795 1086177776
639 512 517 458 1086185316
798 141 46 427 1086336124
688 405 333 486 1086368152
688 405 333 486 1086368340
688 405 333 486 1086368465
136 252 839 795 1086423874
477 67 91 330 1086425933
404 530 301 129 1086437325
387 389 484 296 1086439019
410 58 272 212 1086440046
257 211 64 212 1086450634
77 254 76 49 1086511682
136 77 254 76 1086511735
404 125 301 372 1086531115
327 106 82 330 1086534471
77 436 76 49 1086602204
136 252 839 795 1086602262
77 334 49 76 1086607543
289 218 432 84 1086607823
289 432 84 85 1086607911
366 587 107 458 1086610167
404 17 107 301 1086613441
431 72 218 85 1086613774
416 441 246 49 1086614109
9 572 10 142 1086617088
136 252 839 795 1086683329
26 27 39 41 1086691672
77 254 76 49 1086696646
363 559 359 20 1086698513
387 389 484 296 1086710926
334 48 49 76 1086766994
307 11 22 21 1086768403
334 48 49 76 1086774303
412 265 233 439 1086779625
136 77 436 76 1086780658
47 446 447 445 1086794256
366 494 107 458 1086798709
334 48 49 76 1087023592
136 252 839 795 1087027905
366 587 107 458 1087036055
26 442 27 39 1087115649
179 265 233 439 1087120259
334 48 49 51 1087137423
163 289 84 85 1087139209
26 27 39 41 1087139651
530 538 80 790 1087141848
826 441 114 49 1087142886
404 366 301 108 1087143358
428 447 46 335 1087208468
130 567 184 400 1087212995
376 144 473 357 1087215762
308 315 311 227 1087227907
14 482 281 273 1087229184
136 252 839 795 1087290899
179 265 233 439 1087292972
26 27 39 41 1087299225
421 403 249 88 1087311924
404 130 301 184 1087327073
120 27 41 39 1087379313
585 3 584 5 1087398015
587 605 458 250 1087405064
26 27 39 41 1087642556
67 112 109 110 1087644601
50 72 51 88 1087645054
4 60 64 844 1087674831
4 60 64 844 1087674882
570 304 64 90 1087744590
26 27 39 41 1087806692
103 3 193 410 1087835924
243 160 210 239 1087897999
285 204 281 233 1087982817
332 74 331 18 1087984890
270 447 217 41 1087987297
835 433 250 302 1087988436
251 104 389 296 1087997157
63 3 5 212 1088005410
410 58 272 212 1088020482
63 3 5 212 1088020557
404 366 107 301 1088242500
170 116 799 129 1088247866
120 27 41 39 1088249826
26 27 39 41 1088258883
404 366 130 17 1088274194
135 481 758 520 1088327285
308 315 311 227 1088349347
67 109 113 110 1088418954
421 155 51 88 1088422226
50 72 51 88 1088501883
50 51 49 88 1088502042
140 446 445 427 1088764007
50 432 51 88 1088768610
688 405 359 333 1088778951
170 29 368 115 1088790082
136 252 839 795 1088840407
170 29 368 115 1088846319
158 296 388 183 1088846704
119 101 224 118 1088850407
356 161 517 284 1088850868
404 107 301 868 1088867563
133 132 531 212 1088949057
688 405 333 486 1089017669
799 129 52 284 1089023246
136 252 839 795 1089035363
72 432 51 49 1089040643
60 403 59 57 1089041729
86 227 224 18 1089045690
598 130 169 514 1089053750
287 108 5 138 1089114381
366 799 129 52 1089123317
77 49 51 76 1089363504
71 289 51 85 1089369457
71 289 51 85 1089369479
71 289 51 85 1089369504
71 289 51 85 1089369514
136 252 839 795 1089369664
436 254 76 41 1089385658
404 871 301 807 1089388358
404 107 301 82 1089396306
159 635 56 636 1089456800
635 341 339 357 1089457034
4 58 287 139 1089555465
286 257 250 212 1089641633
119 14 647 302 1089644024
136 252 839 795 1089703670
404 870 871 301 1089726079
477 67 91 330 1089969789
67 109 113 110 1089974488
222 390 15 182 1089979193
174 135 481 520 1089982496
536 53 62 369 1090003467
37 170 319 425 1090062333
133 257 17 284 1090072657
465 451 420 359 1090077427
178 179 201 439 1090146623
178 179 201 439 1090166684
178 179 201 439 1090166734
404 871 301 868 1090169894
120 27 41 39 1090233149
50 432 51 88 1090236002
116 97 171 90 1090239441
26 27 39 41 1090246270
429 130 184 82 1090254691
404 871 211 301 1090262176
570 64 253 5 1090274020
26 27 39 41 1090317090
26 27 39 41 1090317114
443 319 114 264 1090317542
59 253 272 212 1090328755
26 27 39 41 1090332779
688 405 333 486 1090572386
26 27 39 41 1090574952
412 276 265 439 1090599784
14 306 281 675 1090658611
26 27 39 41 1090658987
26 27 39 41 1090659222
35 28 362 33 1090672192
35 28 362 33 1090672240
112 109 113 110 1090672371
77 254 76 41 1090673215
26 27 39 41 1090682295
7 403 59 6 1090688214
27 41 39 30 1090747348
26 27 39 41 1090756675
26 27 39 41 1090756752
497 429 247 747 1090759619
26 27 39 41 1090766173
26 27 39 41 1090832272
26 27 39 41 1090832324
270 615 46 273 1090834109
327 307 11 22 1090838262
327 11 22 21 1090842379
354 130 544 184 1090858139
130 64 184 824 1090858140
146 107 184 22 1090923737
178 179 201 439 1090927854
178 179 201 439 1090930587
611 612 617 118 1090948161
116 117 171 484 1090956182
611 612 617 118 1091034535
436 254 76 41 1091179595
178 177 179 651 1091180273
178 179 177 651 1091181298
178 177 179 651 1091182044
178 179 177 651 1091186218
257 106 84 250 1091186299
289 432 84 85 1091197715
404 174 870 871 1091271173
380 180 395 158 1091283583
26 27 39 41 1091284302
26 27 39 41 1091284348
688 405 359 333 1091294104
319 441 246 264 1091300530
26 27 39 41 1091352463
404 488 65 301 1091354218
334 48 49 51 1091368858
291 449 425 281 1091376514
696 677 101 87 1091385413
334 48 49 51 1091439499
77 48 49 51 1091439667
404 366 107 357 1091444981
136 436 254 76 1091448012
404 871 211 301 1091450702
170 29 368 115 1091463842
366 363 130 129 1091470623
3 584 64 5 1091515757
266 497 606 265 1091523518
366 532 433 418 1091529384
411 257 433 216 1091539190
4 791 3 64 1091541560
132 410 59 723 1091550289
404 871 301 45 1091554830
570 64 253 184 1091555786
688 405 333 486 1091629374
570 64 253 57 1091629827
421 155 51 88 1091780024
357 366 82 250 1091794852
27 41 39 30 1091799417
67 109 113 110 1091799958
366 257 433 106 1091803211
285 204 281 233 1091810634
688 405 333 486 1091811597
377 380 65 158 1091863374
77 48 49 76 1091870218
422 77 264 484 1091887108
377 380 65 158 1091888031
436 254 76 41 1091963197
519 304 64 282 1091965161
144 109 473 610 1091966247
404 871 211 301 1091984803
26 27 39 41 1091992382
404 174 871 107 1091995086
404 159 871 301 1092006879
136 736 839 795 1092042207
26 27 39 41 1092045330
120 447 41 30 1092045842
403 59 253 57 1092072914
26 27 39 41 1092127131
26 27 39 41 1092127154
26 27 39 41 1092127272
26 27 39 41 1092127420
163 640 218 610 1092127708
422 443 264 484 1092129587
122 112 109 111 1092133739
160 159 211 241 1092140969
688 405 333 486 1092146207
688 405 333 486 1092146282
688 405 333 486 1092146320
688 405 333 486 1092146481
688 405 333 486 1092146534
688 405 333 486 1092146718
50 289 51 85 1092146932
570 306 64 253 1092150572
261 249 298 260 1092380726
696 100 354 99 1092386943
40 27 447 41 1092392103
412 276 265 439 1092394202
289 87 493 84 1092411045
167 234 367 84 1092411205
422 443 484 264 1092413987
4 103 3 410 1092455520
77 49 51 76 1092464557
77 48 49 76 1092481519
356 154 84 284 1092485355
204 129 84 284 1092485786
284 835 84 45 1092485928
284 835 84 45 1092486819
473 477 84 284 1092487451
237 244 84 284 1092487566
584 64 84 284 1092487854
404 257 107 301 1092519235
404 871 301 357 1092520223
26 27 39 41 1092555938
26 27 39 41 1092555975
404 366 107 108 1092561169
266 232 267 233 1092562525
272 723 687 212 1092569824
272 723 687 212 1092577647
570 64 253 5 1092583256
190 107 188 680 1092585853
570 64 253 5 1092590003
570 64 253 5 1092591565
570 64 253 282 1092594819
570 58 407 64 1092595043
570 64 253 282 1092605391
7 4 411 3 1092620744
7 4 411 3 1092622476
174 871 161 875 1092648748
14 647 419 302 1092653638
289 432 84 85 1092655069
26 27 39 41 1092655945
7 4 411 3 1092659138
77 49 51 76 1092660781
393 156 155 610 1092669079
26 27 39 41 1092670621
4 3 865 59 1092722706
77 49 51 76 1092729650
26 27 39 41 1092731118
289 407 253 59 1092734578
135 87 373 432 1092737904
515 407 131 461 1092746098
289 407 253 59 1092748713
366 257 259 782 1092773491
404 125 108 875 1092776160
404 125 301 875 1092840842
611 612 617 118 1092850759
336 446 323 335 1092991075
286 165 287 175 1092995843
393 122 59 253 1093012913
50 83 122 85 1093013745
170 124 839 437 1093089131
26 27 39 41 1093091569
26 27 39 41 1093117435
135 87 373 432 1093163256
257 130 517 250 1093165834
83 122 367 545 1093179865
421 156 517 545 1093181888
122 143 111 610 1093182805
412 276 265 439 1093187865
334 48 49 51 1093245778
366 354 130 372 1093252209
55 403 59 253 1093253436
688 405 359 333 1093261780
688 405 333 486 1093263604
688 405 333 486 1093264606
503 429 247 747 1093265195
404 871 211 301 1093297437
75 261 298 260 1093332331
430 72 218 610 1093342425
688 405 333 486 1093349951
135 481 758 520 1093350232
688 405 333 486 1093350529
441 114 87 484 1093354776
148 532 106 250 1093358682
461 309 505 212 1093370295
404 125 301 875 1093380334
27 41 39 30 1093425162
170 547 117 171 1093444025
13 689 654 265 1093597198
47 156 494 129 1093599112
71 181 432 373 1093609489
791 218 367 108 1093611443
17 367 423 250 1093611982
791 218 367 108 1093613124
536 595 410 59 1093616754
286 410 89 212 1093675223
261 249 298 260 1093677348
334 48 49 51 1093678029
246 48 49 76 1093687471
480 3 5 212 1093698635
366 356 257 284 1093700570
500 688 499 405 1093765214
135 87 373 432 1093768544
3 64 723 5 1093785640
3 64 5 723 1093790269
3 64 5 723 1093790432
170 29 368 114 1093801264
163 289 432 84 1093858443
26 27 39 41 1093858574
26 27 39 41 1093858789
26 27 39 41 1093859011
571 801 514 483 1093863941
257 153 517 250 1093870620
412 265 233 439 1093882825
4 411 791 3 1093909908
4 411 791 3 1093997460
334 48 49 76 1094025293
26 27 39 41 1094027044
736 879 839 795 1094032530
611 612 617 118 1094034274
404 871 211 301 1094035370
322 251 394 62 1094037030
28 94 52 45 1094044108
77 49 51 76 1094046079
4 60 64 253 1094047923
136 436 839 76 1094056735
404 871 875 357 1094059338
736 879 839 795 1094288073
83 289 367 84 1094299895
426 122 143 545 1094305191
266 802 695 20 1094312493
166 172 650 115 1094312531
166 172 650 115 1094318831
166 172 650 115 1094319169
60 407 64 282 1094323178
28 94 52 45 1094325336
461 309 505 212 1094334279
77 48 49 76 1094381131
136 32 338 152 1094381211
334 48 49 76 1094381344
376 81 656 113 1094392242
14 403 59 5 1094393492
571 801 514 483 1094404151
571 801 514 483 1094404693
136 436 839 76 1094405502
404 871 211 108 1094459313
4 791 64 253 1094460251
376 81 656 113 1094463794
55 403 59 253 1094466313
26 27 39 41 1094473052
136 436 839 76 1094481201
136 436 839 76 1094481275
136 436 839 76 1094481383
136 436 839 76 1094481463
571 801 514 483 1094485943
286 410 89 212 1094497925
212 309 505 461 1094514418
286 410 89 212 1094547661
166 31 281 129 1094552464
77 48 49 51 1094556063
688 405 333 486 1094564054
332 74 331 18 1094564086
173 116 334 129 1094567731
404 125 301 875 1094577425
93 227 512 461 1094592799
26 27 39 41 1094630119
491 153 517 284 1094653275
4 64 372 138 1094810950
28 94 52 45 1094831814
136 436 839 76 1094853915
28 94 52 45 1094890736
26 27 39 41 1094892002
285 204 281 233 1094894490
688 359 333 486 1094905531
167 143 87 493 1094909204
167 87 599 84 1094910077
26 27 39 41 1094911945
136 436 839 76 1094911977
334 48 49 51 1094973779
334 48 49 51 1094973964
26 27 39 41 1094979166
26 27 39 41 1094979404
163 289 253 85 1094983670
166 262 416 28 1094988886
433 216 250 6 1094993221
163 289 84 85 1094999917
309 108 556 134 1095006850
570 58 64 138 1095023419
170 253 82 115 1095065817
28 94 52 45 1095067626
163 289 84 85 1095076853
47 270 122 16 1095077025
332 74 331 18 1095077213
332 74 331 18 1095077325
136 436 839 76 1095082575
29 28 129 52 1095086378
688 405 333 486 1095086740
688 405 333 486 1095087144
148 83 164 106 1095087648
29 28 129 52 1095090013
334 48 49 51 1095146987
552 174 135 520 1095151952
163 289 84 85 1095153528
357 122 82 284 1095154988
334 48 49 51 1095157878
170 29 368 114 1095158875
334 48 49 51 1095159590
736 436 254 76 1095160580
404 871 46 45 1095161859
83 835 106 250 1095162504
28 94 52 45 1095163021
472 433 59 212 1095171876
472 433 59 212 1095197325
452 639 122 164 1095236056
446 140 445 667 1095240829
71 181 153 432 1095247765
170 29 368 114 1095252217
404 871 125 301 1095259646
146 107 188 269 1095260083
26 27 39 41 1095261228
319 87 425 281 1095262794
292 169 514 457 1095264791
7 3 64 5 1095305686
366 494 107 458 1095375944
26 27 39 41 1095497370
26 27 39 41 1095497877
181 799 130 433 1095502508
25 447 41 30 1095581867
26 27 39 41 1095584050
326 399 11 70 1095585691
503 429 247 747 1095588885
136 436 839 76 1095593820
136 436 839 76 1095593880
451 450 568 361 1095596686
26 27 39 41 1095599003
3 59 108 5 1095599303
354 101 126 16 1095600096
334 48 49 51 1095604138
179 265 233 439 1095605343
513 67 473 330 1095605548
410 429 59 212 1095607442
26 27 39 41 1095612128
262 32 144 171 1095615387
212 737 654 45 1095666089
135 481 758 520 1095667629
446 140 445 667 1095669465
50 289 51 85 1095673417
67 109 113 476 1095675540
50 289 51 85 1095681158
50 289 51 85 1095681731
452 122 164 489 1095682698
77 48 49 76 1095685921
356 875 82 357 1095689805
50 155 51 88 1095690863
204 732 571 757 1095692102
3 531 108 5 1095697292
59 108 5 284 1095697485
3 531 108 5 1095698205
28 94 52 45 1095708081
50 155 51 88 1095764331
75 332 74 298 1095768483
503 429 247 747 1095770377
319 129 493 82 1095775073
376 81 283 473 1095778265
26 27 39 41 1095781051
26 27 39 41 1095781148
327 11 22 21 1095843908
327 11 22 21 1095843909
327 11 22 21 1095843910
416 27 41 39 1095844405
327 11 22 21 1095844621
327 11 22 21 1095844636
334 48 49 76 1095845274
334 48 49 51 1095845327
140 447 798 141 1095851199
266 267 606 265 1095851253
376 81 656 113 1095851685
571 801 514 483 1095857415
452 122 164 489 1095868131
50 155 51 88 1096099570
426 122 143 545 1096100316
447 323 275 141 1096102008
163 289 84 85 1096112734
334 48 49 51 1096119222
503 429 247 747 1096121873
503 363 429 45 1096126098
279 130 293 485 1096126608
393 395 161 380 1096127362
495 600 487 528 1096140550
28 94 52 45 1096190461
119 122 649 84 1096194797
451 450 495 486 1096196821
28 94 52 45 1096201935
26 27 39 41 1096202764
26 27 39 41 1096202988
60 403 59 253 1096204972
304 281 129 82 1096205461
407 705 6 282 1096215894
382 178 177 179 1096222942
50 155 51 88 1096275653
535 87 373 84 1096275891
404 309 871 301 1096278589
181 799 130 433 1096280065
87 59 373 432 1096282161
305 122 253 59 1096286081
4 304 64 175 1096291994
266 267 606 233 1096292974
374 87 373 484 1096297545
4 130 64 184 1096304324
200 799 108 129 1096310059
50 155 51 88 1096358640
77 48 49 76 1096360894
334 48 49 51 1096361326
334 48 49 76 1096361709
55 403 59 253 1096363177
132 410 306 272 1096374168
130 304 281 184 1096375866
215 295 347 207 1096397103
50 51 49 88 1096444588
50 51 49 88 1096444657
122 112 109 111 1096453450
77 334 49 51 1096455535
623 64 287 859 1096475865
712 319 114 115 1096637256
170 29 368 114 1096639420
3 97 5 212 1096641701
50 155 51 88 1096707427
151 651 149 150 1096717184
336 323 274 335 1096721011
286 59 253 106 1096724693
459 410 433 212 1096741261
2 107 739 458 1096791765
227 512 88 461 1096792076
60 403 59 57 1096798055
64 108 5 284 1096800469
163 289 84 85 1096801627
449 281 15 233 1096809562
64 108 5 284 1096812481
29 130 542 184 1096816380
50 51 49 85 1096816748
535 509 87 625 1096822029
34 40 41 588 1096825524
29 130 542 184 1096827918
26 27 39 41 1096878699
50 155 51 88 1096882816
47 156 494 129 1096887652
257 107 188 284 1096890372
47 156 494 129 1096891312
257 107 188 284 1096894772
257 107 188 284 1096901320
130 304 543 184 1096907313
130 543 184 82 1096938275
29 130 543 184 1096942122
75 261 249 298 1096960224
404 63 108 875 1096962093
122 306 407 253 1096964094
130 543 184 82 1096965224
130 543 184 82 1096967395
159 635 56 636 1096969043
170 356 635 339 1096969117
170 635 339 82 1096969169
657 59 253 517 1096970119
130 304 543 184 1096970862
611 612 617 118 1097090213
4 623 407 859 1097106221
611 612 617 118 1097176922
459 410 433 212 1097231776
26 27 39 41 1097232867
26 27 39 41 1097232878
