81 69 82 1064047899
27 41 30 1064050763
254 76 41 1064058166
261 260 73 1064058966
363 294 45 1064068736
363 294 45 1064070359
366 356 257 1064081031
174 415 328 1064124146
254 76 41 1064131642
140 130 444 1064140372
421 51 88 1064143172
459 366 433 1064147683
472 433 106 1064154169
329 67 330 1064158940
366 130 489 1064224021
459 366 433 1064233934
163 289 234 1064243727
403 59 253 1064248604
529 248 247 1064309327
136 252 436 1064312485
254 76 49 1064318026
459 366 433 1064323145
278 285 150 1064324386
529 248 247 1064330854
87 373 432 1064391830
27 41 30 1064396765
289 218 253 1064398458
163 289 253 1064398531
116 171 303 1064399034
447 41 30 1064401139
279 257 181 1064402170
174 307 517 1064402739
112 109 111 1064403393
174 135 517 1064407761
77 254 76 1064408738
369 458 296 1064409203
164 260 73 1064414477
254 76 41 1064416936
7 3 5 1064642738
7 3 5 1064645434
555 232 233 1064653052
555 232 233 1064653180
63 356 154 1064653505
164 260 73 1064654632
43 42 86 1064655954
170 364 250 1064661004
71 163 289 1064664725
163 289 234 1064664795
163 289 234 1064664814
278 285 150 1064665096
50 298 51 1064736222
43 148 146 1064742773
261 260 73 1064744281
140 423 46 1064747907
261 260 73 1064749547
19 202 134 1064749899
181 432 373 1064751139
47 372 46 1064753879
122 72 545 1064755637
278 285 150 1064760097
51 49 88 1064821344
2 458 269 1064827576
121 80 220 1064831158
585 620 239 1064839360
459 366 433 1064845691
103 98 99 1064846484
64 175 176 1064855314
279 130 115 1064861321
611 612 118 1064863392
558 356 283 1064922709
172 114 48 1064927435
315 86 318 1064927858
611 612 118 1064934213
195 55 196 1065001036
611 612 118 1065049016
611 612 118 1065098617
254 76 41 1065170371
254 76 41 1065171397
635 637 339 1065172984
159 635 56 1065173009
125 635 357 1065173253
635 11 357 1065173879
635 339 82 1065174665
47 635 636 1065175089
453 358 357 1065179087
555 232 233 1065184431
121 80 220 1065188288
443 87 264 1065190878
213 257 358 1065192088
104 555 233 1065199667
77 76 41 1065257831
254 76 41 1065257979
163 289 234 1065258522
168 54 281 1065258789
555 232 233 1065259276
289 234 432 1065269284
104 19 296 1065275159
532 433 106 1065276422
163 289 234 1065278956
465 10 524 1065300620
4 304 64 1065304241
4 304 64 1065306726
42 87 373 1065344297
393 270 106 1065345142
547 171 489 1065351229
532 433 106 1065351761
289 234 432 1065351873
181 432 373 1065352033
431 218 367 1065353758
47 372 46 1065355478
174 135 517 1065361341
164 260 73 1065362497
164 260 73 1065363024
63 356 154 1065370541
51 49 88 1065426029
181 432 373 1065429023
664 429 142 1065436074
278 285 150 1065439089
366 211 284 1065440206
421 51 88 1065453526
42 51 88 1065453840
148 494 161 1065454922
17 264 115 1065513712
50 298 51 1065514460
289 234 253 1065517282
289 234 218 1065517625
559 21 458 1065519832
27 76 41 1065526071
77 76 41 1065526232
77 254 76 1065526538
286 531 64 1065529390
363 569 20 1065530690
63 356 154 1065536716
286 531 64 1065617928
132 133 87 1065775551
452 676 87 1065779619
83 87 373 1065780624
51 49 88 1065780741
261 260 73 1065783481
677 403 108 1065783744
143 211 237 1065784977
286 570 64 1065785444
174 135 517 1065786647
394 389 485 1065786742
181 432 373 1065788050
181 432 373 1065788075
163 72 218 1065788108
83 87 373 1065791705
459 472 234 1065792931
403 108 372 1065795565
341 481 11 1065805839
86 227 318 1065868118
331 65 224 1065870633
331 65 224 1065870793
289 234 432 1065874909
174 135 517 1065877274
460 667 427 1065879165
40 27 24 1065885369
77 76 41 1065952510
627 179 439 1065955115
369 433 296 1065957582
403 186 433 1065961134
627 179 439 1065966376
43 433 216 1065981385
403 59 253 1066042975
319 114 493 1066047908
315 86 318 1066050099
43 42 86 1066055955
443 87 264 1066063628
363 162 20 1066117854
254 76 41 1066125592
50 432 373 1066131088
315 86 318 1066131429
289 234 432 1066136117
394 389 485 1066140849
332 74 331 1066141613
148 440 250 1066143463
559 21 458 1066146158
42 51 88 1066380815
254 76 41 1066381470
494 107 489 1066382919
163 289 234 1066385188
4 64 237 1066398592
86 313 318 1066398753
63 356 154 1066399624
181 432 373 1066399969
181 432 373 1066400255
181 432 373 1066400653
254 76 41 1066405264
555 232 233 1066410260
62 498 183 1066413399
4 64 237 1066428251
42 87 373 1066468581
163 289 234 1066473250
289 234 432 1066478070
63 368 152 1066484123
26 31 30 1066484247
63 368 152 1066485020
174 135 517 1066485396
181 432 373 1066486750
181 432 373 1066486867
181 432 373 1066487022
181 432 373 1066487336
181 432 373 1066487610
43 148 146 1066492366
75 74 318 1066572191
465 420 645 1066573556
135 373 552 1066575312
87 378 493 1066578364
428 423 110 1066578711
51 49 88 1066636553
77 120 49 1066636786
77 120 49 1066636817
51 49 88 1066637126
254 76 41 1066639214
50 122 610 1066640972
77 120 49 1066643875
77 120 49 1066643923
27 76 41 1066644586
51 49 88 1066647439
4 64 237 1066652983
4 64 237 1066653029
51 49 88 1066656068
77 76 41 1066656097
254 76 41 1066656108
587 84 284 1066657305
42 86 88 1066657958
261 260 73 1066658893
195 531 64 1066660498
51 49 88 1066663524
77 254 76 1066663573
77 120 49 1066720525
77 120 49 1066721343
77 120 49 1066721857
640 51 88 1066722248
51 49 88 1066722494
394 251 385 1066723229
81 69 82 1066727099
43 42 86 1066732981
261 260 73 1066736953
77 120 49 1066737420
51 49 88 1066746366
423 542 477 1066748915
42 51 88 1066748916
65 6 282 1066871358
611 612 118 1066922981
50 51 49 1066989012
77 120 49 1066990761
63 553 135 1066991249
77 120 49 1066991668
530 257 134 1066993222
112 109 111 1066997203
289 234 432 1066997706
323 274 720 1066997722
329 493 330 1066998593
26 39 41 1067000859
587 84 284 1067001554
77 76 41 1067001738
163 289 234 1067001919
360 361 528 1067004652
189 423 82 1067006532
195 3 56 1067024368
51 49 88 1067067306
77 120 49 1067070685
83 724 45 1067077786
83 257 461 1067077929
83 304 725 1067078370
103 99 324 1067078787
166 116 341 1067079144
109 110 52 1067085814
185 106 82 1067086492
2 458 269 1067088059
51 49 88 1067091921
51 49 88 1067095306
71 289 234 1067095534
4 64 17 1067101638
286 551 64 1067105179
51 49 88 1067154558
121 80 220 1067159502
51 49 88 1067161765
433 107 357 1067166427
51 49 88 1067167941
63 368 152 1067171831
403 372 250 1067175604
109 110 52 1067178921
63 368 152 1067181707
254 76 41 1067241478
75 260 73 1067243486
107 299 580 1067252118
51 49 88 1067252703
14 647 302 1067252970
289 234 432 1067254896
83 373 84 1067265047
234 59 253 1067271712
4 64 237 1067279045
81 69 82 1067328620
315 86 318 1067330445
77 76 41 1067337502
501 405 498 1067343909
232 62 233 1067347414
234 59 57 1067347770
570 108 5 1067347922
178 65 6 1067351050
166 115 340 1067355161
7 6 235 1067357616
530 444 79 1067359905
611 612 118 1067516135
128 644 434 1067547472
635 56 636 1067677482
51 49 88 1067678559
635 339 82 1067678656
51 49 88 1067679398
47 372 46 1067694257
181 432 373 1067773706
181 432 373 1067774706
53 15 233 1067775361
50 181 432 1067775596
286 674 175 1067776309
76 41 30 1067776373
394 389 485 1067779825
166 115 340 1067782025
565 569 420 1067787710
332 74 331 1067852468
81 69 82 1067852873
100 125 101 1067852923
286 674 175 1067856611
257 211 84 1067865940
270 141 283 1067866146
479 69 70 1067925933
50 51 49 1067931294
51 49 88 1067931884
51 88 85 1067937583
107 580 82 1067938675
163 72 218 1067941596
109 110 52 1067955331
346 181 672 1067960100
346 181 672 1067968217
7 6 350 1067997914
75 189 680 1068019458
181 432 373 1068023139
181 432 373 1068023466
128 22 38 1068028468
181 432 373 1068029981
403 354 153 1068032394
174 135 260 1068034424
393 251 161 1068042400
289 234 432 1068043437
234 146 531 1068044845
81 69 82 1068059802
81 69 82 1068140907
76 41 30 1068155745
421 42 88 1068281231
394 389 485 1068285439
76 41 30 1068295042
515 516 744 1068296611
515 516 744 1068296713
20 107 45 1068303359
663 69 81 1068308420
254 76 41 1068367780
27 41 30 1068370629
2 297 378 1068381860
63 154 453 1068385817
713 153 610 1068388605
405 333 44 1068467705
170 341 449 1068469650
83 257 461 1068470598
27 41 30 1068473105
83 210 211 1068473211
83 542 184 1068473863
83 257 461 1068474193
63 237 212 1068474607
507 81 430 1068483569
459 472 494 1068486602
393 50 610 1068545694
133 410 64 1068552105
40 27 24 1068556682
254 76 41 1068562106
447 41 30 1068563924
133 410 64 1068588099
51 49 88 1068623293
51 49 88 1068623621
232 62 233 1068627042
278 285 150 1068638947
7 468 376 1068643929
234 59 57 1068654949
354 126 372 1068655372
354 126 372 1068656279
584 108 5 1068733841
611 612 118 1068818301
77 76 41 1068889180
177 95 591 1068889524
286 755 212 1068890244
51 49 88 1068894921
329 559 756 1068896714
3 532 196 1068899351
204 352 378 1068901233
278 285 150 1068902292
366 13 8 1068904734
416 27 41 1068909974
42 86 88 1068978413
279 83 181 1068981480
83 2 18 1068981628
83 42 129 1068982110
174 83 22 1068982453
356 154 122 1068982687
29 122 24 1068983602
148 494 122 1068983705
163 289 234 1068985927
582 291 330 1068989941
376 81 493 1068993747
122 184 400 1069000412
76 41 30 1069056563
76 41 30 1069056639
254 76 41 1069067220
346 181 255 1069070492
174 255 341 1069070910
78 530 255 1069071079
42 255 129 1069071288
452 639 255 1069071395
393 255 297 1069071486
255 473 330 1069071573
174 255 22 1069071665
426 255 368 1069071838
170 116 255 1069071924
29 255 24 1069072015
440 255 45 1069072139
244 272 506 1069072758
403 255 372 1069073212
47 270 255 1069073295
234 255 211 1069073490
255 304 253 1069073568
356 83 409 1069073613
255 64 59 1069073769
148 494 255 1069073893
51 49 88 1069073930
356 154 255 1069074457
759 315 86 1069076376
688 359 333 1069084341
688 359 333 1069084504
570 58 64 1069107723
261 249 298 1069138831
509 493 142 1069143853
174 135 517 1069143882
530 80 340 1069145128
174 135 520 1069145410
254 76 41 1069146201
166 530 463 1069147084
42 86 88 1069147349
261 260 73 1069147497
289 234 253 1069150587
27 76 41 1069151315
42 86 88 1069152477
497 529 537 1069153742
431 72 218 1069153754
354 126 372 1069155628
234 59 57 1069155932
213 42 197 1069165545
47 213 270 1069166197
109 113 110 1069167542
289 234 432 1069168155
135 87 373 1069168818
166 530 463 1069172539
261 249 298 1069225312
254 76 41 1069227408
75 260 73 1069228348
77 76 41 1069234976
181 432 373 1069236034
17 129 197 1069239650
393 403 610 1069239750
50 181 432 1069240974
181 432 373 1069242956
51 49 88 1069247475
174 135 155 1069249235
174 517 537 1069249338
63 356 154 1069254391
558 409 259 1069273451
558 409 259 1069274010
422 264 484 1069323967
558 409 259 1069374193
170 211 246 1069489945
51 49 88 1069492145
278 285 150 1069495613
737 568 666 1069496276
174 135 517 1069496712
51 49 88 1069497085
54 536 233 1069499551
51 49 88 1069501858
51 49 88 1069503256
42 87 88 1069507939
71 289 234 1069508704
51 49 88 1069579209
51 49 88 1069579296
452 122 773 1069582643
174 148 42 1069583606
42 86 88 1069584256
42 86 88 1069586769
166 115 340 1069588254
731 494 161 1069591454
83 122 164 1069592010
164 106 250 1069592057
508 288 70 1069593606
174 234 270 1069594579
174 135 517 1069596580
42 51 88 1069663528
278 285 150 1069671262
404 213 107 1069674959
366 494 106 1069680065
619 425 258 1069687360
433 36 106 1070621338
42 199 204 1070624385
42 86 88 1070625683
166 115 340 1070633709
148 161 638 1070635351
376 244 272 1070635440
393 161 182 1070635918
109 110 52 1070636494
174 135 520 1070698629
329 67 330 1070702102
51 49 88 1070703241
441 114 41 1070709006
76 41 30 1070710456
606 420 12 1070711004
441 114 41 1070712284
148 161 638 1070715347
47 140 283 1070716540
161 107 250 1070723300
3 584 56 1070762000
408 327 129 1070789678
30 38 24 1070803295
42 433 216 1070805920
77 254 76 1070809412
3 108 5 1070819522
55 570 64 1070824579
77 76 41 1070869396
51 49 88 1070870116
394 321 385 1070870435
731 494 161 1070873824
213 257 364 1070881200
154 751 108 1070884704
234 59 57 1070888921
43 213 148 1070895853
234 59 282 1070895934
480 3 5 1070899777
42 86 88 1070973509
42 86 88 1070973557
161 575 481 1070974834
174 135 373 1070974935
315 86 226 1070975027
107 188 82 1070976751
494 717 6 1071001896
63 409 154 1071230857
51 49 88 1071237974
423 197 610 1071239898
492 116 423 1071240500
494 297 378 1071260163
133 55 410 1071261326
27 41 30 1071306543
426 83 152 1071315118
426 83 152 1071315839
42 86 88 1071320447
75 222 729 1071321244
286 480 59 1071325158
75 222 729 1071325454
63 148 717 1071329113
498 359 524 1071329222
42 51 88 1071330751
394 105 385 1071388839
42 86 88 1071398744
234 161 531 1071400488
234 531 84 1071401243
297 378 388 1071401885
63 409 154 1071404099
421 42 88 1071406417
421 51 88 1071406612
4 5 282 1071407569
81 656 70 1071415086
279 161 130 1071478279
42 51 88 1071480194
382 178 179 1071481225
254 76 41 1071486369
42 86 88 1071487735
63 409 154 1071487806
570 519 58 1071492303
421 51 88 1071495543
63 409 154 1071497482
382 178 179 1071497634
200 297 378 1071509717
7 171 6 1071526480
174 135 260 1071566554
254 76 41 1071568659
174 21 283 1071577750
77 254 76 1071577844
42 86 88 1071578094
51 49 88 1071578560
51 49 88 1071580241
289 234 432 1071584001
77 76 41 1071584246
63 409 154 1071589779
570 64 282 1071601440
570 64 282 1071607692
393 251 161 1071837856
332 269 296 1071838352
26 532 33 1071843768
42 146 88 1071847134
403 108 372 1071853551
7 6 284 1071883531
125 635 636 1071908707
159 635 56 1071908835
635 211 636 1071908882
635 11 357 1071910138
587 635 357 1071910688
532 433 106 1071911969
234 59 57 1071913399
53 232 233 1071913763
42 86 88 1071916542
254 76 41 1071917404
379 490 390 1071918490
42 86 88 1071919721
47 156 494 1071996987
297 84 284 1071999407
570 675 138 1072000300
75 222 107 1072006322
75 222 107 1072006354
75 222 107 1072006487
47 635 636 1072006895
47 635 636 1072007275
2 297 378 1072039156
42 86 88 1072084901
42 86 88 1072085770
163 289 234 1072086798
174 135 517 1072089279
77 254 76 1072097384
213 234 210 1072097510
315 86 318 1072104493
42 371 48 1072106135
112 109 113 1072169159
42 86 88 1072170542
174 135 517 1072173960
707 509 87 1072175415
13 381 15 1072175905
204 352 378 1072184668
314 224 216 1072186065
27 41 30 1072189457
51 49 88 1072193164
285 378 150 1072194139
7 429 6 1072231448
285 378 150 1072306725
584 5 658 1072406123
51 49 88 1072425382
51 49 88 1072425587
51 49 88 1072425645
51 49 88 1072425693
51 49 88 1072425784
109 110 52 1072427389
51 49 88 1072430143
42 219 197 1072434009
458 269 296 1072435076
42 257 250 1072435979
458 269 296 1072436944
51 49 88 1072437399
558 356 517 1072440053
279 161 130 1072442492
222 226 284 1072445976
458 269 296 1072450520
74 331 18 1072512259
492 42 181 1072519813
458 269 296 1072522766
417 130 184 1072523600
417 130 184 1072523683
425 169 457 1072528449
278 285 290 1072532523
584 108 5 1072537963
621 449 457 1072538924
584 418 212 1072545258
160 211 17 1072616310
403 354 250 1072619781
51 49 88 1072619841
51 49 88 1072619897
480 5 212 1072626559
480 5 212 1072630078
51 49 88 1072691992
731 63 284 1072695416
181 432 373 1072697228
181 432 373 1072697405
181 432 373 1072697543
181 432 373 1072697614
181 432 373 1072697729
181 432 373 1072697839
181 432 373 1072697911
181 432 373 1072698183
181 432 373 1072698463
160 211 17 1072698579
181 432 373 1072700462
181 432 373 1072700717
63 540 108 1072704461
731 63 148 1072709218
232 62 233 1072709450
174 135 517 1072713190
7 103 6 1072724356
492 42 181 1072773112
315 301 313 1072773268
731 63 284 1072775109
234 146 236 1072781905
75 135 552 1072782122
421 42 88 1072787413
421 51 88 1072787592
92 109 113 1072793104
731 63 148 1072794776
315 86 318 1072883321
232 62 233 1073031201
101 224 118 1073033880
51 49 88 1073037113
451 501 498 1073037208
555 232 233 1073040685
181 432 373 1073043839
181 432 373 1073044587
181 432 373 1073044957
181 432 373 1073045150
244 272 506 1073046352
27 76 41 1073047605
80 444 418 1073049529
51 49 88 1073050243
53 232 233 1073051104
731 63 148 1073053456
731 63 284 1073053917
635 11 357 1073054821
13 635 11 1073054945
479 635 82 1073055106
587 635 357 1073055269
396 65 158 1073062002
166 530 463 1073124015
13 381 15 1073129544
447 76 41 1073130710
27 76 41 1073130944
181 432 373 1073136153
163 289 234 1073137315
76 41 30 1073140323
451 10 737 1073141136
51 49 88 1073142348
51 49 88 1073142564
51 49 88 1073143223
286 531 212 1073164355
48 49 51 1073198701
51 49 88 1073209532
76 41 30 1073211859
531 64 433 1073228238
190 70 660 1073228328
232 62 233 1073231583
55 196 212 1073240011
222 467 225 1073292617
133 531 212 1073305606
154 257 284 1073313901
204 352 378 1073322602
51 49 88 1073376711
51 49 88 1073376787
278 192 263 1073377961
529 248 247 1073381194
136 116 437 1073391318
570 407 64 1073395076
309 367 284 1073396569
377 284 296 1073397777
154 257 284 1073398372
156 532 82 1073399682
377 284 296 1073401694
136 436 338 1073411790
377 284 296 1073415587
153 94 184 1073638591
143 249 610 1073638986
42 86 88 1073641159
532 107 433 1073643738
377 284 296 1073644948
163 289 234 1073660705
289 234 218 1073660788
336 165 323 1073664927
421 51 88 1073670193
27 76 41 1073720563
421 51 88 1073724863
36 38 230 1073726589
109 307 70 1073727114
232 62 233 1073729179
257 153 256 1073738033
51 49 88 1073739416
312 226 313 1073747953
404 16 301 1073771921
81 69 82 1073801312
51 49 88 1073806794
109 110 52 1073809951
257 352 517 1073810692
60 234 59 1073813741
76 41 30 1073815302
27 41 30 1073815537
47 257 46 1073817270
174 135 520 1073826205
77 254 76 1073827418
107 399 22 1073828183
63 148 280 1073830774
147 19 1 1073859709
157 378 182 1073889194
364 64 531 1073909628
51 49 88 1073913837
3 433 5 1073922789
181 432 373 1073982228
181 432 373 1073982446
109 110 52 1073983424
584 64 5 1073997145
51 49 88 1074007142
51 49 88 1074007327
492 291 571 1074244581
315 86 318 1074248409
332 74 331 1074252986
261 249 298 1074322830
133 531 212 1074325961
53 232 233 1074333881
53 232 233 1074334001
712 115 485 1074335210
664 250 45 1074338577
600 62 183 1074343924
479 81 82 1074350058
86 227 318 1074377649
136 252 436 1074419309
63 453 108 1074420303
497 446 600 1074420667
497 201 62 1074420789
570 423 5 1074426083
170 116 302 1074427547
114 87 38 1074428171
299 675 82 1074432068
51 49 88 1074514722
63 494 256 1074531974
77 254 76 1074585018
128 161 164 1074593695
51 49 88 1074595975
148 540 108 1074597120
257 570 64 1074625954
257 570 64 1074626011
17 423 82 1074853345
26 38 24 1074853553
314 311 318 1074856360
74 331 18 1074866234
530 790 341 1074867346
27 76 41 1074872458
234 407 59 1074875645
366 437 250 1074899887
43 148 107 1074941796
51 49 88 1074942276
257 153 250 1074945587
299 675 82 1074953715
155 51 88 1074959014
570 306 64 1074964268
261 298 260 1075013920
97 171 795 1075020242
163 289 234 1075028648
465 554 606 1075039098
43 148 107 1075044103
366 356 257 1075047392
51 49 88 1075106141
83 59 517 1075111164
4 195 196 1075113736
51 49 88 1075113940
535 87 82 1075115596
133 59 138 1075131141
133 59 138 1075131355
257 59 212 1075137098
51 49 88 1075191893
51 49 88 1075191992
163 289 234 1075195804
161 675 138 1075206785
409 259 810 1075252285
51 49 88 1075624428
107 399 22 1075629261
570 211 64 1075629573
47 635 637 1075630855
159 635 636 1075630901
159 635 636 1075630965
635 11 357 1075631799
13 635 11 1075632025
587 635 357 1075632287
47 635 636 1075632354
570 407 64 1075633871
51 49 88 1075634546
547 161 164 1075634927
174 135 517 1075635302
133 59 138 1075637579
204 799 52 1075638146
664 440 161 1075638698
3 531 5 1075639443
570 58 138 1075640410
51 49 88 1075642103
257 570 64 1075645417
234 59 57 1075655360
47 578 217 1075656475
4 195 196 1075674693
109 110 52 1075708736
4 195 196 1075710146
86 19 318 1075713160
315 86 318 1075721746
4 195 196 1075723293
74 331 18 1075725004
441 114 339 1075726049
4 195 196 1075728828
4 195 196 1075733970
4 195 196 1075735114
31 433 281 1075735753
4 195 196 1075754615
51 49 88 1075794485
69 493 82 1075805096
63 263 284 1075812587
51 49 88 1075818239
161 447 445 1075818504
22 21 330 1075884649
611 612 118 1075886889
315 86 318 1075889108
83 354 403 1075890358
68 75 223 1075895270
707 420 528 1075898149
174 135 155 1075900088
406 767 207 1075902573
611 612 118 1075907077
170 171 230 1075910898
75 232 263 1075915292
611 612 118 1075933593
76 41 30 1075976832
76 41 30 1075976958
27 41 30 1075977151
234 59 57 1075980717
51 49 88 1075984410
172 116 117 1075989470
116 117 39 1075989492
688 359 333 1075989638
442 116 117 1075989945
116 117 416 1075993354
407 64 433 1076001162
306 64 6 1076007611
611 612 118 1076019118
611 612 118 1076105884
611 612 118 1076187151
51 49 88 1076226058
532 433 106 1076231510
611 612 118 1076235632
306 64 6 1076242599
323 798 141 1076245723
286 393 161 1076247034
261 249 298 1076309731
447 41 30 1076309947
750 433 372 1076320022
76 41 30 1076323395
51 49 88 1076325624
51 49 88 1076327343
446 140 667 1076335696
315 86 318 1076400875
426 136 116 1076406427
163 289 234 1076411537
452 813 108 1076414239
62 420 433 1076416108
120 795 469 1076418776
174 260 302 1076423685
51 49 88 1076487090
51 49 88 1076487397
51 49 88 1076491461
51 49 88 1076495185
146 807 753 1076499763
215 181 161 1076502797
234 59 236 1076511657
816 452 108 1076582565
174 135 260 1076591949
584 5 805 1076592164
488 301 753 1076595064
368 82 45 1076604579
204 292 281 1076769986
332 74 331 1076838175
270 578 84 1076839943
447 76 41 1076840625
148 161 717 1076849751
51 49 88 1076857250
421 146 88 1076858010
13 381 15 1076866775
166 433 420 1076920784
63 713 256 1076929395
431 218 367 1076934982
51 49 88 1076936401
27 76 41 1076940492
452 813 108 1076941222
143 249 84 1076945447
194 675 805 1076949888
584 811 5 1076964823
51 49 88 1077011623
22 21 330 1077012523
222 250 18 1077015086
54 160 216 1077022361
347 129 52 1077026610
51 49 88 1077028419
163 289 234 1077029179
22 21 330 1077031213
570 58 64 1077037655
442 799 48 1077094976
393 251 161 1077098863
51 49 88 1077105751
55 127 212 1077107031
321 433 420 1077109081
122 164 489 1077115037
286 59 302 1077124143
584 64 5 1077149619
51 49 88 1077178364
116 171 118 1077179462
144 202 96 1077184716
200 297 378 1077186550
257 107 22 1077189052
433 88 610 1077197491
480 420 723 1077201875
347 129 52 1077202210
144 202 96 1077203677
287 675 5 1077205497
166 463 115 1077205603
821 97 212 1077208930
63 227 284 1077441286
27 76 41 1077442540
347 129 52 1077443883
51 49 88 1077444257
51 49 88 1077444428
347 129 52 1077451557
63 366 433 1077452487
341 433 420 1077458594
174 135 260 1077460512
443 114 264 1077461563
133 410 17 1077529911
312 190 226 1077536544
289 234 432 1077537978
323 798 274 1077539513
10 359 524 1077549926
688 359 333 1077550060
144 87 473 1077609671
51 49 88 1077610668
436 76 41 1077615073
234 210 807 1077627992
114 184 30 1077628355
600 688 524 1077695730
51 49 88 1077696980
337 116 340 1077702674
405 333 486 1077712642
405 333 486 1077713124
234 59 57 1077715959
174 135 260 1077719581
480 602 212 1077745126
4 570 64 1077750244
51 49 88 1077781442
51 49 88 1077781556
51 49 88 1077784358
51 49 88 1077784448
78 530 108 1077788180
59 82 138 1077794903
347 129 52 1077795776
174 517 260 1077800259
404 17 301 1077800660
63 393 297 1077801335
289 234 432 1077807355
161 434 164 1077807621
161 434 164 1077808085
611 612 118 1077838569
611 612 118 1077963174
317 21 684 1078043056
517 654 212 1078049652
419 433 250 1078050058
347 129 52 1078053647
125 126 637 1078057520
707 737 606 1078058319
26 442 39 1078061977
163 289 234 1078062387
63 393 297 1078063844
86 313 318 1078065359
393 403 610 1078068674
166 227 489 1078068895
584 64 5 1078098239
27 41 30 1078136807
148 161 231 1078139678
161 434 164 1078146304
529 248 247 1078149366
181 432 373 1078150631
181 218 432 1078150934
174 135 155 1078151152
174 135 520 1078151823
289 234 432 1078154459
423 357 330 1078156061
587 107 458 1078157721
559 224 269 1078167243
366 419 433 1078216006
76 41 30 1078218785
419 433 250 1078218958
174 512 517 1078222141
423 357 330 1078223198
101 224 118 1078223614
709 279 29 1078223640
51 49 88 1078225285
77 436 76 1078228644
161 287 59 1078234046
559 704 216 1078236283
208 219 96 1078253713
278 285 150 1078259421
93 399 22 1078472716
492 291 184 1078480588
366 429 747 1078482050
334 362 303 1078487014
709 442 39 1078492815
47 257 284 1078495110
51 49 88 1078499797
465 606 645 1078504611
47 257 284 1078511527
11 22 21 1078513830
11 22 21 1078513907
11 22 21 1078513927
173 378 105 1078523686
102 125 101 1078564792
329 376 358 1078565021
447 27 41 1078572410
254 256 108 1078575415
332 74 331 1078583212
234 59 57 1078590725
208 219 96 1078594859
306 287 196 1078653700
13 381 15 1078655881
306 287 196 1078661283
163 289 218 1078661377
289 234 218 1078671540
163 289 234 1078672412
364 64 138 1078674791
65 6 794 1078675400
323 445 141 1078675900
264 484 115 1078680657
329 376 358 1078689721
51 49 88 1078731639
421 146 88 1078738221
315 86 318 1078738301
364 185 82 1078739314
4 364 175 1078741851
366 356 257 1078746640
354 126 372 1078747375
49 264 230 1078753208
27 41 30 1078754214
447 41 30 1078754493
4 570 64 1078756471
333 486 524 1078761562
4 570 64 1078769363
4 570 64 1078783134
411 519 196 1078786870
315 53 2 1078811870
51 49 88 1078818434
108 84 85 1078823787
575 341 481 1078827742
529 248 247 1078841563
161 434 164 1078845184
63 356 154 1078848920
32 40 152 1078856092
4 570 64 1078930117
47 446 445 1079106317
51 49 88 1079164999
51 49 88 1079165603
47 635 637 1079172783
125 635 339 1079172784
257 255 284 1079174696
278 297 378 1079174949
163 289 234 1079177104
163 289 234 1079177297
148 494 161 1079178857
174 512 517 1079190892
63 356 154 1079252518
200 129 757 1079255947
148 161 717 1079258703
51 49 88 1079258730
81 358 357 1079262978
234 59 57 1079267657
266 13 248 1079270791
266 10 498 1079277283
332 74 18 1079342671
125 126 637 1079344538
51 49 88 1079346026
319 437 115 1079349958
721 154 161 1079355644
156 352 115 1079359027
156 352 115 1079359486
446 140 667 1079363221
109 110 52 1079364392
376 81 231 1079367007
65 6 794 1079382677
374 87 373 1079433157
831 830 603 1079441465
831 830 603 1079442549
51 49 88 1079444950
161 799 757 1079445477
51 49 88 1079445904
83 188 82 1079453070
492 83 134 1079453320
570 306 64 1079457801
584 5 196 1079626302
584 5 196 1079630688
51 49 88 1079684172
479 222 22 1079696711
232 62 233 1079698248
379 297 378 1079701282
53 62 233 1079701482
519 584 5 1079702297
452 161 608 1079708350
234 59 57 1079714616
530 257 556 1079717097
51 49 88 1079771689
27 76 41 1079773512
27 76 41 1079773608
379 297 378 1079784404
287 184 115 1079784555
75 222 458 1079787851
148 161 231 1079787964
315 86 108 1079789560
411 433 250 1079798604
261 249 298 1079853238
51 49 88 1079854999
51 49 88 1079860924
166 530 463 1079862495
161 304 370 1079867512
75 222 22 1079873807
799 328 485 1079878247
308 311 318 1079880780
417 109 184 1079883025
133 272 274 1079884135
799 328 485 1079884269
799 328 485 1079884400
799 328 485 1079886435
75 222 479 1079891587
51 49 88 1079947648
51 49 88 1079954204
366 107 256 1079959126
234 59 57 1079972090
404 211 301 1079977547
75 222 458 1079978157
261 298 260 1080024805
256 216 296 1080027535
479 493 82 1080033403
181 432 373 1080033866
181 432 373 1080034066
174 135 302 1080039889
174 135 517 1080043634
63 304 264 1080044514
174 135 373 1080046336
161 144 473 1080049965
366 107 256 1080053760
275 22 273 1080054110
128 644 434 1080319116
3 584 64 1080400560
51 49 88 1080485480
611 612 118 1080492404
261 298 260 1080543510
51 49 88 1080548935
76 41 30 1080554700
86 227 313 1080560393
611 612 118 1080563306
404 356 107 1080568815
86 311 313 1080570251
234 59 57 1080577688
404 211 301 1080580343
194 64 5 1080642657
611 612 118 1080924553
788 584 5 1080990965
584 64 5 1080996274
289 234 432 1081000688
409 154 161 1081002450
75 222 314 1081003072
51 49 88 1081066757
13 381 15 1081069122
234 59 57 1081069417
133 531 212 1081070114
133 531 212 1081070754
393 161 182 1081074399
446 140 667 1081083709
163 289 234 1081084633
4 304 59 1081086035
160 234 161 1081089266
635 339 82 1081090058
479 635 82 1081090064
40 76 41 1081090733
160 234 161 1081090831
148 540 161 1081092076
393 251 161 1081092408
154 751 108 1081095332
3 584 64 1081096694
133 196 212 1081119869
689 654 265 1081156100
101 224 118 1081157769
222 257 313 1081157933
154 751 108 1081164318
148 83 494 1081167223
148 83 494 1081167630
148 764 83 1081168224
279 83 181 1081178582
54 492 83 1081178746
404 107 82 1081182668
405 333 486 1081185085
405 333 486 1081185291
61 232 293 1081185320
261 249 298 1081235566
51 49 88 1081245113
289 234 432 1081248892
407 139 127 1081250134
332 74 331 1081263560
570 64 824 1081276106
51 49 88 1081323528
51 49 88 1081325770
109 110 52 1081345697
257 59 212 1081348550
643 59 212 1081348708
379 297 378 1081349300
166 366 433 1081351273
347 129 52 1081357346
191 185 539 1081417772
611 612 118 1081418066
404 17 301 1081428001
611 612 118 1081428910
570 161 64 1081583782
507 87 70 1081586575
436 76 41 1081587884
163 83 85 1081590707
507 87 70 1081592239
179 232 158 1081594427
4 64 237 1081598368
239 456 242 1081599863
379 297 378 1081602561
30 161 24 1081607886
148 161 717 1081608009
51 49 88 1081671321
341 807 610 1081677760
257 81 82 1081682862
347 129 52 1081691441
341 807 610 1081692704
382 177 180 1081693907
200 343 398 1081707281
195 193 805 1081711116
570 161 64 1081725119
51 49 88 1081756021
51 49 88 1081756903
440 835 250 1081760635
200 343 398 1081763680
366 13 8 1081765669
447 41 30 1081770702
535 299 506 1081773481
550 288 299 1081773483
326 341 11 1081779536
332 74 249 1081779615
639 122 164 1081783020
122 473 330 1081783085
270 122 777 1081783549
148 494 161 1081783926
29 122 24 1081784406
148 494 122 1081784679
51 49 88 1081785946
51 49 88 1081786788
125 65 324 1081839118
148 494 122 1081842934
174 42 116 1081848805
387 199 184 1081849372
411 59 212 1081849539
564 554 45 1081849682
387 199 184 1081849993
125 65 324 1081854946
366 363 45 1081859223
831 830 603 1081859372
372 250 439 1081862622
163 216 284 1081864862
234 143 249 1081864965
109 110 52 1081931090
27 76 41 1081934484
25 40 41 1081934713
83 122 532 1081937944
382 177 180 1081948808
200 343 398 1081960571
529 248 247 1081972313
611 612 118 1082057632
821 97 212 1082147590
7 457 439 1082165261
51 49 88 1082189588
51 49 88 1082189809
47 372 807 1082191564
27 76 41 1082197778
372 807 777 1082202307
466 107 188 1082204416
737 440 85 1082205825
530 436 291 1082212108
143 249 84 1082215132
366 363 45 1082222535
347 129 52 1082225383
261 249 298 1082275077
174 135 302 1082276902
393 161 182 1082284298
51 49 88 1082293420
347 129 52 1082296386
404 301 372 1082305339
51 49 88 1082362388
4 570 64 1082370942
124 83 116 1082371503
4 570 64 1082371520
261 249 260 1082377380
610 72 85 1082378107
547 161 164 1082387751
51 49 88 1082446846
51 49 88 1082461441
83 122 545 1082461719
93 21 84 1082462985
366 146 107 1082465417
166 168 363 1082465852
9 248 12 1082466563
51 49 88 1082469157
132 531 212 1082471208
89 304 433 1082476787
739 458 269 1082534642
51 49 88 1082535155
107 301 753 1082538680
13 381 15 1082548760
393 161 182 1082553964
366 259 330 1082555495
259 250 330 1082555670
174 135 302 1082556136
4 89 64 1082559109
29 27 24 1082559905
826 441 114 1082560884
58 108 138 1082562351
759 466 161 1082563459
163 570 64 1082624588
51 49 88 1082793098
135 373 552 1082795423
174 14 302 1082796337
187 122 304 1082797353
187 122 341 1082797850
433 216 24 1082799258
187 270 122 1082799661
174 135 260 1082800001
187 122 799 1082800823
116 246 437 1082802313
67 109 110 1082803526
58 108 138 1082804170
232 62 233 1082805689
187 181 122 1082806399
78 187 122 1082806925
286 133 90 1082807882
187 83 59 1082808260
58 108 138 1082811128
341 807 610 1082885095
341 807 610 1082885658
332 74 18 1082887850
347 129 52 1082891245
174 135 302 1082891450
166 168 363 1082891692
443 580 85 1082893711
161 799 757 1082895732
174 14 302 1082896098
332 74 18 1082899177
259 423 330 1082978164
63 69 82 1082982333
40 76 41 1082990615
503 429 20 1082997435
404 17 301 1082997713
31 40 368 1082998719
314 224 216 1083061525
376 244 272 1083065510
464 518 62 1083077316
192 347 150 1083096544
51 49 88 1083137760
315 220 219 1083141169
333 486 557 1083141576
174 135 520 1083142245
440 835 45 1083143219
174 135 302 1083144310
332 74 18 1083161607
332 74 18 1083161610
116 122 284 1083170151
31 40 368 1083242916
261 298 260 1083395246
449 792 457 1083405371
181 122 192 1083405655
449 457 792 1083406326
229 122 18 1083406422
100 403 122 1083406599
336 323 274 1083407145
122 730 539 1083407163
347 129 52 1083409102
635 11 357 1083409309
332 74 18 1083411574
170 116 17 1083415085
234 289 210 1083417161
174 135 520 1083418153
174 135 520 1083418192
347 129 52 1083418474
31 40 368 1083422749
2 352 378 1083423003
148 161 518 1083424900
547 161 164 1083426940
404 107 175 1083434990
701 456 400 1083438116
404 455 301 1083441407
421 130 341 1083495753
411 58 139 1083498797
174 135 302 1083498882
379 297 378 1083499235
424 456 400 1083499832
83 835 724 1083505370
83 835 162 1083505877
366 83 835 1083506052
148 83 494 1083506487
37 83 24 1083507263
279 83 181 1083509803
83 181 131 1083509889
83 2 18 1083510604
83 315 18 1083510731
174 83 22 1083512287
174 83 327 1083512329
379 297 378 1083514704
326 328 97 1083575610
559 256 223 1083579793
525 542 398 1083580047
559 256 223 1083580983
51 49 88 1083583649
31 40 368 1083585016
31 40 368 1083587950
218 545 85 1083593611
814 273 85 1083593684
423 231 283 1083594033
51 49 88 1083596257
189 146 107 1083604358
51 49 88 1083659036
75 189 680 1083660066
334 49 51 1083661855
101 224 118 1083663593
13 381 15 1083666242
835 532 361 1083678329
366 13 8 1083679122
51 49 88 1083682397
401 723 212 1083683778
570 64 57 1083697491
47 395 165 1083926860
51 49 88 1083928823
555 232 233 1083931364
67 109 473 1083932197
89 532 303 1083932334
109 110 52 1083941353
29 304 97 1083944699
75 314 318 1084006433
75 314 318 1084006450
75 314 318 1084006485
75 314 318 1084006498
75 314 318 1084006508
75 314 318 1084006529
75 314 318 1084006549
75 314 318 1084006576
75 314 318 1084006586
75 314 318 1084006604
75 314 318 1084006625
75 314 318 1084006657
75 314 318 1084006680
75 314 318 1084006689
51 49 88 1084007963
174 135 520 1084008544
75 314 318 1084011171
341 807 610 1084013032
166 363 29 1084016987
272 687 212 1084024918
261 298 260 1084028785
51 49 88 1084088646
211 237 245 1084096287
532 64 824 1084098332
291 87 618 1084113506
189 223 224 1084115181
418 79 827 1084181161
148 494 161 1084192607
404 250 807 1084201438
611 612 118 1084210442
422 425 264 1084223464
48 49 76 1084257044
51 49 88 1084264220
788 464 695 1084266315
51 49 88 1084270511
51 49 88 1084270595
211 532 235 1084277173
243 211 532 1084280416
28 52 45 1084280769
329 87 91 1084283301
133 787 212 1084288710
13 381 15 1084289546
14 584 5 1084294105
31 40 368 1084294702
7 116 6 1084296432
611 612 118 1084352454
69 288 82 1084382283
69 288 82 1084456094
69 288 82 1084485226
650 38 224 1084526847
611 612 118 1084528524
347 129 52 1084531719
508 70 142 1084532030
788 723 57 1084533550
479 69 70 1084537541
584 5 196 1084537799
507 479 70 1084538670
423 82 357 1084540375
446 445 667 1084543492
168 525 182 1084544404
222 458 1 1084550672
363 142 82 1084551425
387 199 184 1084555919
387 199 184 1084560427
570 64 57 1084608396
15 402 485 1084610146
47 270 532 1084613286
304 237 184 1084621807
291 532 801 1084624133
575 532 457 1084629175
161 517 284 1084632868
241 304 212 1084633484
418 129 52 1084642001
168 525 182 1084642031
297 378 105 1084659923
404 540 494 1084698108
63 250 330 1084698533
266 568 666 1084700585
14 64 749 1084705740
575 130 94 1084710111
532 185 82 1084712694
168 525 182 1084715682
168 525 182 1084717527
168 525 182 1084718726
63 250 330 1084720874
161 517 284 1084722164
58 93 794 1084722731
304 563 5 1084724675
855 341 563 1084724937
363 115 45 1084729692
120 27 41 1084785469
161 549 548 1084787163
856 532 82 1084797241
83 122 202 1084803550
315 311 227 1084811871
315 311 227 1084825801
51 49 88 1084873188
387 199 184 1084887883
387 199 184 1084888192
387 199 184 1084889969
532 362 115 1084899327
547 171 795 1085060829
7 3 5 1085125564
532 36 41 1085134595
254 76 41 1085144413
343 181 532 1085148529
254 76 41 1085153918
112 109 113 1085214570
77 254 76 1085215103
87 36 588 1085215374
87 36 588 1085215544
87 36 588 1085215589
156 352 115 1085215652
89 237 97 1085218189
341 807 610 1085222904
81 304 97 1085234509
87 36 588 1085235986
133 55 56 1085236984
532 362 115 1085238827
146 107 184 1085239183
161 517 284 1085244705
570 306 64 1085248546
89 237 97 1085306346
746 719 212 1085310414
77 254 76 1085315702
87 36 588 1085321741
130 372 184 1085341996
307 70 548 1085393621
307 22 21 1085401853
7 327 22 1085401855
821 97 212 1085420029
130 185 82 1085481960
7 80 6 1085600027
63 189 188 1085736529
195 196 212 1085753071
63 227 313 1085756755
446 445 667 1085762589
181 432 373 1085824602
120 40 41 1085825373
120 40 41 1085825430
93 399 22 1085828284
314 224 1 1085844665
374 107 373 1085845912
3 58 5 1085884242
404 301 372 1085909060
4 570 64 1085918076
63 409 154 1085920781
246 676 115 1085931826
4 570 64 1085958466
83 257 517 1086095982
120 27 41 1086096305
366 146 107 1086096318
159 635 56 1086102780
635 211 636 1086102800
635 11 357 1086102884
387 199 184 1086167388
387 199 184 1086169283
254 76 41 1086171188
77 254 76 1086177307
336 532 16 1086177726
323 532 46 1086177792
179 232 672 1086178578
195 532 5 1086182058
387 199 184 1086250385
133 87 787 1086297687
387 199 184 1086366749
431 218 367 1086425569
547 338 171 1086432044
488 418 6 1086442098
791 334 143 1086446104
63 356 154 1086450400
323 667 273 1086462384
9 366 45 1086474479
366 363 45 1086475602
3 108 5 1086478365
387 199 184 1086509499
136 254 76 1086510966
246 676 115 1086514823
4 272 5 1086522607
403 59 57 1086599851
701 130 457 1086605147
442 172 48 1086606957
160 159 59 1086621159
693 130 184 1086625281
366 363 45 1086655230
246 676 115 1086686402
329 559 330 1086699938
13 559 20 1086701613
14 647 302 1086705985
291 87 618 1086707069
354 126 355 1086707487
151 104 726 1086710944
60 195 58 1086712582
347 129 52 1086712838
7 488 182 1086728609
404 170 807 1086773268
289 493 84 1086780630
166 136 120 1086789761
570 791 138 1086953278
151 104 726 1086971301
336 323 274 1087029801
42 130 129 1087035595
246 676 115 1087063134
63 250 330 1087114799
354 126 355 1087116125
179 265 439 1087120356
334 49 76 1087121966
587 605 250 1087131551
508 63 108 1087143100
13 381 15 1087149062
354 126 355 1087201731
77 76 41 1087204296
371 246 41 1087208409
48 49 51 1087208451
332 74 18 1087288649
404 130 184 1087289514
266 232 233 1087293131
404 130 184 1087295643
259 19 212 1087311423
259 19 212 1087311475
261 249 298 1087369158
120 41 30 1087378705
27 41 30 1087379756
319 441 114 1087397066
63 174 334 1087631514
286 66 425 1087639487
64 543 184 1087651940
286 56 212 1087659908
151 388 129 1087663940
286 56 212 1087664449
261 298 260 1087714722
623 64 287 1087725803
198 599 493 1087727601
404 211 301 1087735480
332 74 331 1087741373
404 301 357 1087752692
286 56 212 1087776096
286 257 212 1087822242
147 53 369 1087908996
570 139 138 1087911764
77 49 51 1087973157
37 319 334 1087984448
77 49 51 1087985849
446 445 667 1088001936
347 129 52 1088266888
713 742 122 1088339659
14 116 171 1088343665
37 31 340 1088408479
404 17 301 1088410462
87 493 24 1088413895
266 606 233 1088422353
87 493 588 1088427513
649 59 545 1088505125
611 612 118 1088513383
109 110 52 1088591823
3 58 5 1088693476
3 108 5 1088764120
87 493 24 1088765776
3 859 138 1088769012
48 49 51 1088771591
441 114 41 1088775914
3 859 138 1088791921
341 807 610 1088849606
721 154 108 1088853355
558 154 161 1088854560
48 49 51 1088864687
48 49 51 1088930902
48 49 51 1088930941
404 868 357 1088936538
77 49 51 1088945910
404 309 134 1088958017
404 309 134 1088958628
404 309 134 1088958930
53 369 15 1089019597
404 309 134 1089022600
404 309 134 1089022904
314 318 224 1089024253
498 405 333 1089024355
404 107 82 1089034698
120 40 41 1089037740
403 59 57 1089038574
861 161 59 1089116674
356 154 161 1089125969
366 429 247 1089138127
611 612 118 1089382096
170 437 230 1089382395
871 301 807 1089447752
635 339 636 1089456684
635 339 330 1089457440
289 51 85 1089458028
799 388 129 1089458534
354 126 355 1089465830
48 49 51 1089530302
48 49 51 1089530588
535 288 299 1089545232
535 288 299 1089545238
600 498 614 1089653529
289 51 85 1089716311
613 452 85 1089975819
120 40 41 1089987609
354 130 184 1089996042
366 363 45 1089998594
7 6 485 1090032500
736 120 839 1090054101
267 606 233 1090058486
393 161 182 1090060732
623 64 287 1090084378
4 304 64 1090086911
151 104 726 1090095270
404 309 871 1090144604
133 253 272 1090154577
120 40 41 1090159730
363 162 20 1090171272
151 104 726 1090179736
3 108 5 1090233405
47 83 270 1090249512
3 108 5 1090250595
278 83 181 1090251092
37 114 115 1090326020
64 56 212 1090328283
376 113 839 1090328580
64 56 212 1090328783
133 64 138 1090328845
354 126 355 1090577409
77 76 41 1090577694
148 494 161 1090579223
452 83 164 1090581112
395 161 380 1090583311
354 161 403 1090586298
404 309 871 1090589747
799 328 485 1090672179
366 211 241 1090676380
63 453 108 1090678031
404 301 357 1090684708
394 388 182 1090752032
174 512 185 1090757213
347 129 52 1090768140
259 108 88 1090769730
404 129 357 1090775886
319 441 334 1090826419
327 11 22 1090830715
251 369 378 1090857817
189 130 184 1090858138
605 256 489 1090861961
204 542 184 1090880504
156 189 532 1090928624
87 36 588 1090928836
451 568 265 1090930933
286 257 212 1090938941
60 403 59 1090943795
393 251 369 1090957676
393 251 378 1091115619
53 232 233 1091180225
421 51 88 1091186767
120 40 41 1091258813
4 407 532 1091274557
279 130 281 1091288378
63 122 130 1091290522
366 363 45 1091349360
356 635 339 1091353690
443 264 484 1091353934
170 635 875 1091354055
635 11 357 1091354069
635 339 82 1091354071
635 875 82 1091354086
635 875 45 1091354362
47 635 637 1091358039
125 635 339 1091358040
334 49 51 1091359583
216 458 548 1091360860
559 458 489 1091369388
736 839 795 1091369427
51 49 88 1091433151
163 289 84 1091438155
289 51 85 1091438243
83 122 111 1091440783
451 10 802 1091520794
47 635 636 1091522416
635 339 82 1091522469
156 189 532 1091526097
3 108 5 1091531671
208 173 130 1091551337
623 64 287 1091559663
623 64 287 1091567418
48 49 51 1091605344
359 333 486 1091627642
278 285 150 1091714334
48 49 51 1091790226
48 49 51 1091791219
45 556 134 1091796490
409 403 108 1091797964
421 51 88 1091799074
48 49 51 1091803630
222 15 402 1091804034
3 108 5 1091804450
222 15 402 1091805615
166 363 28 1091805704
600 498 524 1091818705
278 285 150 1091867029
65 706 158 1091869341
623 64 287 1091872096
48 49 51 1091887722
104 216 296 1091901402
166 116 485 1091903940
185 358 485 1091910401
174 135 758 1091955332
48 49 51 1091959248
404 174 741 1091960123
92 111 473 1091962560
454 331 437 1091962899
737 554 162 1091967804
366 184 485 1091990613
7 4 411 1092036298
120 40 41 1092042499
75 298 88 1092048537
266 568 666 1092052576
184 358 485 1092067219
47 445 217 1092070770
148 108 280 1092070857
45 556 134 1092071540
184 358 485 1092072983
92 473 610 1092125673
45 556 134 1092133075
865 218 367 1092133622
3 87 59 1092133623
677 101 372 1092134647
610 72 85 1092146333
286 184 115 1092147715
366 568 45 1092150585
45 556 134 1092397649
570 64 253 1092399534
307 433 216 1092401354
54 394 15 1092404647
393 161 182 1092408345
286 257 212 1092423815
278 285 150 1092438631
257 81 82 1092470978
172 826 114 1092478268
63 319 115 1092479630
356 84 284 1092481913
279 84 284 1092487007
181 192 84 1092488993
676 264 115 1092491443
32 144 97 1092491746
676 264 115 1092492608
262 32 124 1092493798
7 97 6 1092501907
404 174 84 1092562679
447 41 30 1092567465
676 264 115 1092569786
291 358 115 1092571980
312 269 296 1092573022
13 381 15 1092576667
356 257 419 1092578500
443 264 484 1092581391
442 441 114 1092581491
163 59 5 1092584307
143 358 477 1092585784
374 87 373 1092588675
558 154 161 1092648451
65 360 142 1092659059
404 871 108 1092661697
147 53 369 1092662797
404 305 304 1092664337
404 305 304 1092664379
404 305 304 1092664711
279 181 161 1092666851
173 575 130 1092671381
120 40 41 1092673131
26 41 39 1092673537
26 41 39 1092673614
366 13 8 1092680270
731 540 638 1092727821
51 49 88 1092728507
160 159 238 1092737952
689 654 265 1092738175
279 181 161 1092746287
480 3 5 1092747561
64 175 367 1092747959
64 367 175 1092750146
108 556 134 1092764765
570 58 64 1092951243
570 58 64 1092957372
148 494 250 1093004016
101 87 493 1093007480
101 87 493 1093007740
417 143 82 1093011512
122 425 567 1093029098
74 331 18 1093082193
116 97 90 1093086736
109 113 110 1093090293
403 59 57 1093096870
356 154 161 1093102486
25 120 41 1093104239
404 108 400 1093108256
676 264 115 1093114100
7 4 3 1093138179
51 49 88 1093160252
51 49 88 1093160526
404 125 875 1093164299
826 416 114 1093165691
7 4 3 1093166648
55 403 59 1093166901
570 58 64 1093175353
262 172 469 1093178006
174 135 758 1093178565
393 251 161 1093185442
7 4 3 1093190071
410 584 461 1093193804
261 298 260 1093244548
266 568 666 1093250857
74 331 18 1093254083
253 838 610 1093256749
174 135 758 1093270349
151 104 726 1093348433
130 291 433 1093349824
417 161 185 1093350514
246 676 115 1093350564
185 82 357 1093353037
404 871 211 1093354475
257 153 250 1093359049
101 87 493 1093359183
289 253 432 1093360013
289 306 253 1093362186
130 291 433 1093362540
404 871 211 1093378227
120 41 30 1093425413
480 5 212 1093533901
156 352 115 1093599110
363 297 250 1093602949
480 60 687 1093605928
289 253 84 1093606626
366 246 115 1093609757
480 3 5 1093610258
334 49 51 1093610566
87 425 281 1093612543
135 87 373 1093613455
759 161 580 1093614991
222 317 458 1093615236
257 153 250 1093615318
51 49 88 1093681452
467 161 18 1093690384
334 250 115 1093692628
148 587 250 1093694993
151 104 726 1093701610
759 161 580 1093701657
570 64 253 1093711836
334 49 51 1093768367
49 51 76 1093768437
830 192 345 1093775505
226 87 369 1093779513
13 381 15 1093780629
570 64 253 1093782772
160 159 161 1093784087
689 360 333 1093797090
404 871 368 1093818787
404 871 368 1093819986
879 116 795 1093861630
689 360 333 1093866292
791 856 299 1093867838
501 654 20 1093868790
501 654 20 1093872625
122 477 330 1093873217
3 253 545 1093875858
3 253 545 1093876668
259 257 330 1093880063
69 184 82 1093883301
122 253 545 1094037322
404 301 418 1094042347
174 135 758 1094046744
122 152 138 1094047616
151 61 134 1094050432
122 211 237 1094057343
404 17 542 1094238266
174 135 758 1094287997
547 79 171 1094288052
148 494 161 1094288740
879 839 795 1094289477
404 366 301 1094294241
114 341 281 1094297196
547 79 171 1094307189
148 161 280 1094313228
47 635 637 1094314801
159 635 636 1094314915
635 11 357 1094316238
635 875 82 1094316283
635 875 339 1094316297
635 875 636 1094316328
635 875 82 1094316375
635 875 330 1094316478
170 635 636 1094316483
595 410 59 1094317694
14 180 3 1094374770
32 144 362 1094381207
885 512 545 1094384735
308 311 227 1094393360
731 148 161 1094393567
595 410 59 1094396431
286 89 212 1094404407
468 376 6 1094407198
356 130 184 1094411569
50 289 85 1094453409
50 289 85 1094453439
27 33 588 1094461503
736 171 41 1094462419
411 3 165 1094463389
148 494 84 1094463648
64 287 824 1094468340
151 799 129 1094468525
170 173 116 1094470347
289 253 84 1094470465
286 89 212 1094479049
148 161 280 1094482349
286 165 833 1094489388
404 871 108 1094490683
87 281 15 1094551140
108 556 134 1094555100
180 181 122 1094557523
572 161 835 1094558455
791 218 367 1094559083
791 218 367 1094559424
174 301 418 1094560398
359 333 486 1094563855
266 568 666 1094565450
347 129 52 1094567129
173 433 106 1094568366
4 64 212 1094578617
570 64 253 1094580844
654 339 212 1094591190
575 130 481 1094635903
366 130 304 1094636144
336 323 274 1094647193
81 122 461 1094647578
286 56 212 1094651831
101 372 493 1094652398
151 61 134 1094656923
116 122 339 1094661428
122 28 24 1094662852
97 171 212 1094688080
547 117 171 1094735414
107 188 489 1094889870
167 178 599 1094894854
148 108 280 1094897044
166 117 463 1094912484
261 298 260 1094974456
341 807 610 1094980316
426 650 469 1094982492
472 433 212 1094983350
286 175 380 1094984084
688 333 486 1094990448
222 107 223 1094991928
109 113 473 1094993188
4 791 3 1094998384
547 117 171 1095002106
731 148 122 1095005178
153 129 284 1095029484
253 138 824 1095068899
731 83 122 1095069758
399 70 548 1095070057
81 223 458 1095071211
189 130 184 1095077273
130 185 184 1095078277
64 138 824 1095079378
69 184 82 1095081422
166 363 28 1095082606
547 117 171 1095086728
366 354 433 1095089003
87 425 281 1095091569
4 888 184 1095107684
135 373 432 1095149920
167 83 122 1095151799
83 122 21 1095153704
278 285 150 1095160171
286 175 380 1095160343
426 736 469 1095161049
535 87 373 1095165426
366 363 45 1095170898
366 363 45 1095173766
286 4 64 1095175958
13 381 15 1095179261
83 116 117 1095181220
122 254 256 1095235726
174 135 758 1095243965
114 264 233 1095244872
122 281 52 1095244896
148 511 161 1095251254
677 101 108 1095252433
688 333 486 1095253738
366 835 505 1095257223
559 21 458 1095262864
366 363 45 1095268641
441 246 114 1095280869
3 108 5 1095289200
151 61 134 1095356183
7 3 5 1095358712
399 70 11 1095451884
143 87 493 1095493165
441 114 246 1095494656
559 21 458 1095506683
426 736 469 1095516800
253 244 236 1095516956
181 716 85 1095518258
148 161 717 1095523529
166 117 463 1095527092
128 494 378 1095530955
83 289 85 1095582289
278 285 150 1095585685
312 226 219 1095588236
532 433 106 1095588445
132 410 210 1095597015
278 285 150 1095600085
124 62 96 1095603074
124 62 96 1095603370
124 62 96 1095609383
119 224 118 1095612885
7 3 811 1095638557
416 433 115 1095665948
291 109 17 1095667975
334 49 51 1095669555
354 126 355 1095672050
289 51 85 1095673386
122 473 330 1095682967
116 122 117 1095683678
81 223 458 1095687115
194 59 253 1095689562
403 59 57 1095690912
136 436 435 1095703046
443 301 264 1095759343
354 126 355 1095761878
83 116 339 1095762153
173 472 433 1095762789
441 114 48 1095762841
133 787 272 1095763186
167 493 82 1095763724
319 129 493 1095763948
278 285 150 1095767307
689 654 802 1095772475
286 175 380 1095773413
286 175 380 1095774240
286 175 380 1095774277
124 62 96 1095781319
888 184 82 1095786551
888 184 609 1095786662
418 888 184 1095791647
404 143 875 1095848413
166 363 28 1095848693
151 61 134 1095852007
422 304 264 1095853811
319 493 82 1095857859
185 22 82 1095870182
559 21 458 1095881922
7 193 3 1095979399
354 126 355 1096029394
710 550 307 1096108744
480 4 64 1096109544
737 568 666 1096113574
167 178 599 1096113828
107 188 269 1096118971
497 2 1 1096120998
14 94 185 1096122393
166 363 28 1096129598
286 4 64 1096131571
341 807 610 1096191518
418 888 184 1096194881
418 888 184 1096197948
28 52 45 1096209056
28 52 45 1096209310
559 21 458 1096211574
3 108 5 1096212980
530 80 122 1096214935
368 650 469 1096215094
677 101 372 1096238513
14 344 362 1096278006
377 395 182 1096280788
48 49 51 1096286445
49 51 76 1096286672
133 272 283 1096287844
120 41 30 1096288026
497 267 1 1096292412
14 94 281 1096294809
882 793 263 1096312985
26 39 41 1096360521
334 49 51 1096360917
135 481 758 1096363157
122 374 373 1096363311
92 473 111 1096364065
124 62 96 1096368230
107 188 269 1096375406
107 188 269 1096375458
107 188 269 1096375513
304 281 184 1096379934
107 188 269 1096383089
570 64 253 1096395650
108 8 250 1096448746
570 64 253 1096449478
347 129 52 1096455941
433 107 12 1096456082
48 49 51 1096456424
166 170 136 1096461749
289 367 84 1096463296
433 250 20 1096465798
28 52 45 1096484619
515 103 410 1096633522
107 433 12 1096656104
107 433 12 1096698103
51 49 88 1096705335
239 87 237 1096706368
151 61 134 1096709629
207 184 96 1096712582
737 568 666 1096715033
151 61 134 1096715853
161 835 162 1096716170
737 568 666 1096724771
582 291 694 1096737866
411 407 282 1096775740
272 838 824 1096791297
403 101 106 1096793378
737 568 666 1096796819
37 31 544 1096801967
705 59 282 1096802764
178 75 19 1096805108
363 497 361 1096805714
705 59 282 1096815011
492 291 88 1096815586
147 53 369 1096877847
354 126 355 1096885188
107 188 284 1096886123
156 352 115 1096887653
7 551 306 1096888383
494 352 115 1096891311
535 87 373 1096891782
525 87 373 1096894790
87 373 296 1096895321
154 161 453 1096896461
452 161 118 1096896704
403 101 106 1096898202
124 62 96 1096905749
124 62 96 1096907030
170 635 875 1096969146
635 875 82 1096969157
479 635 82 1096969160
635 875 82 1096969166
47 635 875 1096969483
882 793 263 1096979978
480 4 64 1096984211
163 289 84 1096988133
161 835 405 1096990581
411 675 838 1096995515
3 811 253 1097007305
3 811 253 1097007412
601 413 478 1097082333
267 606 784 1097173207
585 193 407 1097174076
261 249 298 1097219153
151 61 134 1097224792
147 53 369 1097227210
887 896 95 1097227454
147 53 369 1097227807
663 304 330 1097229668
