446 447 445 41 141 1097239850
422 319 246 264 484 1097240239
480 788 55 60 675 1097240260
508 81 109 185 82 1097300969
26 442 27 39 41 1097311300
909 159 905 211 908 1097321916
366 472 433 418 184 1097322005
107 184 21 82 22 1097333911
7 410 306 59 253 1097403519
736 436 254 76 41 1097403896
480 788 3 5 212 1097404404
480 788 3 5 212 1097415525
412 276 265 233 439 1097417745
163 289 640 218 610 1097429563
4 103 3 193 410 1097461014
50 430 218 51 85 1097481176
50 289 218 51 85 1097481235
71 431 218 367 432 1097482943
55 403 59 253 57 1097486836
250 433 418 82 20 1097496508
4 130 304 64 184 1097497078
688 405 333 486 524 1097500899
404 174 871 301 357 1097508741
736 120 839 795 469 1097572430
736 120 839 795 469 1097572703
366 29 130 64 129 1097594379
590 913 354 126 16 1097595965
128 731 148 494 378 1097596682
58 287 139 859 138 1097597978
674 306 59 253 602 1097599155
736 120 839 795 469 1097830274
736 120 839 795 469 1097830362
736 120 839 795 469 1097831441
461 309 429 505 212 1097858066
380 397 62 706 158 1097875275
412 276 265 233 439 1097919043
136 736 436 254 76 1097919160
58 304 97 617 902 1097921644
736 120 839 795 469 1097923438
58 304 97 617 902 1097929075
736 120 839 795 469 1097929691
58 304 97 617 902 1097933162
736 77 76 41 49 1097937370
50 432 51 88 85 1097999758
334 48 49 51 76 1098006711
178 177 179 345 439 1098008856
178 177 179 345 439 1098009006
178 177 179 345 439 1098009952
178 177 179 345 439 1098010461
178 177 179 345 439 1098012930
736 120 839 795 469 1098014677
354 101 126 355 915 1098017628
412 276 265 233 439 1098018250
731 404 257 17 107 1098018353
166 31 281 129 52 1098027283
166 31 281 129 52 1098028832
392 61 104 284 296 1098029937
508 548 363 82 357 1098178062
508 548 363 82 357 1098178155
508 548 363 82 357 1098179389
58 304 97 617 902 1098535222
4 64 175 287 859 1098612917
393 492 181 799 433 1099051117
404 871 301 108 875 1099114646
670 472 550 663 656 1099128795
148 532 106 250 610 1099140125
393 492 181 799 18 1099323753
366 159 211 115 284 1099401318
50 432 51 88 85 1100520909
50 432 51 88 85 1100525214
122 210 253 59 106 1100527398
83 122 367 84 85 1100530649
172 416 826 114 48 1100531096
250 83 106 84 85 1100531172
393 50 403 473 610 1100533253
13 654 802 659 20 1100589978
50 432 51 88 85 1100596377
736 879 436 331 839 1100598254
356 368 799 108 477 1100601323
166 170 29 368 115 1100603802
166 170 29 368 115 1100603955
166 170 29 368 115 1100604183
50 432 51 88 85 1100604246
480 788 3 5 212 1100604478
166 170 29 368 115 1100604725
166 170 29 368 115 1100605154
736 879 120 839 469 1100605228
166 170 29 368 115 1100605233
166 170 29 368 115 1100605992
166 170 29 368 115 1100606073
163 83 122 84 85 1100611752
166 117 338 281 339 1100612841
17 155 184 932 250 1100613578
77 254 76 41 49 1100615355
50 432 51 88 85 1100615988
312 261 298 94 260 1100618353
266 232 606 233 439 1100619003
166 170 29 368 115 1100621593
77 334 48 49 76 1100677863
83 143 367 84 283 1100678506
178 177 179 345 439 1100687121
688 499 405 333 524 1100688712
688 499 689 405 333 1100688832
257 488 65 106 6 1100690610
403 354 99 750 355 1100693703
20 366 363 554 45 1100945153
879 436 116 331 839 1100945903
92 112 109 111 473 1100946323
736 879 436 331 839 1100946450
83 122 87 84 85 1100948797
736 879 120 839 469 1100956107
736 879 116 331 839 1100959995
50 432 51 88 85 1100964598
89 304 64 59 5 1100968513
472 639 494 433 418 1100970506
472 494 19 433 418 1100970834
472 494 433 418 82 1100971182
472 494 433 418 256 1100971443
472 494 433 418 489 1100971719
472 494 433 418 82 1100982326
327 11 22 21 106 1100989755
77 334 48 49 76 1101022647
26 442 27 39 41 1101025487
492 276 15 522 561 1101032407
58 304 97 617 902 1101039448
58 304 97 617 902 1101041036
472 29 494 433 418 1101042378
50 51 49 88 85 1101111392
178 412 276 233 439 1101117147
286 788 55 410 64 1101120076
688 499 405 333 486 1101123330
688 499 405 333 486 1101123451
688 499 405 333 486 1101124035
895 887 201 896 95 1101130463
380 397 62 706 158 1101136221
266 232 267 606 233 1101137923
174 507 758 11 70 1101194269
31 120 36 41 30 1101198782
336 323 141 274 335 1101200587
50 51 49 88 85 1101201939
270 447 532 433 217 1101203913
14 647 419 622 302 1101219099
404 875 22 82 357 1101224206
472 494 433 418 250 1101242595
472 494 433 418 250 1101243138
215 343 204 61 378 1101286465
472 494 433 418 250 1101301786
243 160 904 159 235 1101303580
7 510 419 65 6 1101306206
50 432 51 88 85 1102062274
736 879 120 839 469 1102062372
215 344 285 181 150 1102066506
472 494 433 418 250 1102067787
64 175 287 859 57 1102067911
178 177 179 345 439 1102073842
525 390 227 15 182 1102079636
58 304 97 617 902 1102081007
58 304 97 617 902 1102082076
491 187 647 255 145 1102085113
696 100 403 354 99 1102087339
310 75 261 74 260 1102088046
736 879 116 331 839 1102148454
610 50 432 51 85 1102152638
442 77 48 49 51 1102159706
287 253 244 838 282 1102164489
215 343 204 61 378 1102166922
83 791 122 253 838 1102169427
879 436 116 331 839 1102170357
58 304 97 617 902 1102171988
266 232 267 606 233 1102172333
166 31 281 129 52 1102175014
337 946 391 5 487 1102175175
412 276 265 233 439 1102177530
4 64 5 90 824 1102236988
929 214 891 935 360 1102238193
262 368 650 152 469 1102240054
442 77 48 49 76 1102241881
946 217 5 333 802 1102244031
736 879 120 839 469 1102245732
736 879 120 839 469 1102245990
266 267 606 233 439 1102246333
376 259 358 473 477 1102247806
305 946 758 5 115 1102250496
948 326 946 5 361 1102252180
895 887 201 95 896 1102253319
194 811 64 805 838 1102253776
559 254 256 284 283 1102255905
461 309 429 505 212 1102258152
278 443 788 946 5 1102258672
266 232 606 233 439 1102258965
50 432 51 88 85 1102262506
308 823 946 5 684 1102265678
50 51 49 88 85 1102321389
50 432 51 88 85 1102321674
421 50 155 51 88 1102321868
284 257 106 250 84 1102323800
215 343 204 61 378 1102325451
879 436 116 331 839 1102330743
736 879 116 331 839 1102330871
178 177 179 345 439 1102344487
266 267 606 233 439 1102347782
688 499 359 333 486 1102349368
64 253 517 6 838 1102408053
736 436 254 76 41 1102410762
83 122 367 84 85 1102411378
399 223 21 22 260 1102414958
4 411 791 946 838 1102417237
461 309 429 505 212 1102417812
736 879 120 839 469 1102418233
736 879 116 953 795 1102423525
122 59 253 838 282 1102423873
215 343 204 61 378 1102429105
336 323 141 46 274 1102429561
507 417 109 185 82 1102443680
421 736 116 953 795 1102456718
261 249 298 94 260 1102662975
26 442 27 39 41 1102670805
736 879 120 839 469 1102671555
260 399 21 22 216 1102680820
170 635 339 357 330 1102681243
357 479 635 82 330 1102681298
404 170 871 301 437 1102702005
50 432 51 88 85 1102751346
310 75 312 317 223 1102753713
736 879 116 331 839 1102754779
50 155 51 932 88 1102758735
26 30 34 28 24 1102759725
7 403 59 253 838 1102759776
3 287 253 250 838 1102762639
508 698 507 497 730 1102766672
3 287 253 250 838 1102768434
58 304 97 617 902 1102771749
58 304 97 617 902 1102776794
954 2 317 107 171 1102780269
50 432 51 88 85 1102839542
879 436 116 331 839 1102840376
83 122 87 84 85 1102842221
913 354 101 99 355 1102848573
334 114 264 115 951 1102849217
557 420 333 486 528 1102850798
404 174 301 108 284 1102855754
66 412 276 561 439 1102856698
75 332 74 249 298 1102858255
120 27 41 39 30 1102866055
443 319 264 484 115 1102925223
50 432 51 88 85 1102929194
50 432 51 88 85 1102929426
50 432 51 88 85 1102929564
736 879 120 839 469 1102933218
461 309 429 505 212 1102936168
736 879 120 839 469 1102936648
50 432 51 88 85 1102944079
610 122 253 111 85 1102945199
270 532 155 217 273 1102947305
736 879 116 331 839 1102947754
736 879 116 331 839 1102948407
879 436 116 331 839 1102948462
736 879 116 331 839 1102949000
77 254 76 41 49 1102949275
167 87 599 493 84 1102951968
163 289 373 84 85 1102952872
532 155 423 932 88 1102953065
213 122 143 367 283 1103010159
26 442 27 39 41 1103013759
879 436 116 331 839 1103029089
879 436 116 331 839 1103029260
736 879 116 331 839 1103029346
120 27 41 39 30 1103032694
174 135 403 155 758 1103034771
7 3 59 5 805 1103133136
50 432 51 88 85 1103272771
208 895 201 95 202 1103273460
404 871 107 301 875 1103319940
334 48 49 51 76 1103358790
266 232 606 233 439 1103360286
266 232 606 233 439 1103361002
170 494 372 171 361 1103361337
75 332 74 249 298 1103362427
170 494 372 171 361 1103367571
50 432 51 88 85 1103369530
170 494 372 171 361 1103369602
571 801 514 483 562 1103369680
50 432 51 88 85 1103371148
143 532 367 373 84 1103373292
58 304 97 617 902 1103379153
262 368 650 152 469 1103383868
387 297 390 389 296 1103384085
58 304 97 617 902 1103384166
262 368 152 650 469 1103450517
286 480 55 56 687 1103453254
50 432 51 88 85 1103455398
736 120 839 953 469 1103457372
736 120 839 953 469 1103458288
736 120 839 953 469 1103458590
7 306 253 97 90 1103464736
366 605 257 433 543 1103468752
791 122 253 59 838 1103531119
178 177 179 345 439 1103539099
178 177 179 345 439 1103539142
336 907 447 445 911 1103545743
50 432 51 88 85 1103553582
173 525 169 94 398 1103555603
173 525 169 94 398 1103555667
508 417 69 185 21 1103556604
251 369 378 182 105 1103557336
166 31 281 129 52 1103563524
334 246 49 51 76 1103612902
213 148 257 254 164 1103617777
75 332 74 249 18 1103618850
83 87 367 84 85 1103621914
736 120 839 953 469 1103628682
132 910 181 488 543 1103632092
50 432 51 88 85 1103634267
270 447 532 217 273 1103635632
736 120 892 839 469 1103644992
262 368 650 152 469 1103661641
571 801 514 483 562 1103727196
60 791 253 59 838 1103881117
279 271 130 169 293 1103881993
736 879 892 839 795 1103885610
309 579 444 556 134 1103888895
309 579 444 556 134 1103888945
309 579 444 556 134 1103889005
736 77 76 41 49 1103892666
334 48 49 51 76 1103894519
688 499 405 333 486 1103896041
4 60 64 90 824 1103896865
736 120 892 839 469 1103897115
50 432 51 88 85 1103898627
286 132 133 551 212 1103906201
4 60 64 253 838 1103906914
4 60 64 253 838 1103906970
4 60 64 90 824 1103923483
50 432 51 88 85 1103962713
266 232 606 233 439 1103969798
58 304 97 617 902 1103977104
4 411 791 946 838 1103977782
50 432 51 88 85 1103981178
58 304 97 617 902 1103989675
262 368 650 152 469 1104001053
450 487 333 486 557 1104051454
132 788 253 59 838 1104054216
309 579 444 556 134 1104057362
309 579 444 556 134 1104057379
83 122 146 84 85 1104058223
736 120 892 839 469 1104059774
166 170 29 368 115 1104061758
166 262 416 28 134 1104061963
50 432 51 88 85 1104066369
399 223 21 22 216 1104073883
330 170 494 115 212 1104076565
319 114 546 48 903 1104077598
50 155 51 932 88 1104079750
132 407 306 253 838 1104134612
399 223 21 22 216 1104135846
399 223 21 22 216 1104138862
77 436 254 76 41 1104138876
399 223 21 22 216 1104139274
887 201 95 197 96 1104145980
213 641 488 65 6 1104147175
83 122 367 84 85 1104147568
399 223 21 22 216 1104151315
736 436 254 76 41 1104151570
50 432 51 88 85 1104153183
399 223 21 22 216 1104153870
286 132 133 551 212 1104154962
4 411 60 791 838 1104155951
133 3 64 272 5 1104156475
4 3 64 272 5 1104172147
334 48 49 51 76 1104218997
50 432 51 88 85 1104224394
895 887 201 95 896 1104229139
286 410 306 64 212 1104232259
50 432 51 88 85 1104242688
178 177 179 345 439 1104245891
899 194 811 805 838 1104250502
407 3 58 64 5 1104255128
4 3 64 272 5 1104334227
4 3 58 64 5 1104337836
50 432 51 88 85 1104480155
432 51 49 88 85 1104480345
50 432 51 88 85 1104480635
50 432 51 88 85 1104480967
50 432 51 88 85 1104481717
50 432 51 88 85 1104482013
480 788 3 5 212 1104488456
480 788 3 5 212 1104488700
480 788 3 5 212 1104499920
376 92 109 113 358 1104502582
58 304 97 617 902 1104506587
153 107 517 188 284 1104511381
4 60 64 287 824 1104516768
286 133 132 551 212 1104571906
525 390 227 15 182 1104578695
50 432 51 88 85 1104581132
4 64 175 287 859 1104582742
174 135 341 481 758 1104584828
166 170 29 368 115 1104587914
58 304 97 617 902 1104591868
170 635 301 875 339 1104594731
13 635 301 875 45 1104594817
